cleveland-0_vs_4	SVM	1	0.97979798	1	0.954545455	0.984375	0.983743687	0.000279408
ecoli-0-1-4-6_vs_5	SVM	1	0.975961538	1	0.884615385	1	0.972115385	0.00200074
ecoli-0-1-4-7_vs_2-3-5-6	SVM	0.959677419	1	1	0.887978142	1	0.969531112	0.001906608
cleveland-0_vs_4	SMOTE-SVM	1	1	1	1	1	1	0
ecoli-0-1-4-7_vs_5-6	SVM	0.996774194	1	0.88852459	1	1	0.977059757	0.00196118
ecoli-0-1-4-6_vs_5	SMOTE-SVM	1	0.990384615	1	1	1	0.998076923	1.48E-05
ecoli-0-1_vs_2-3-5	SVM	0.931818182	1	1	0.959090909	1	0.978181818	0.00078843
ecoli-0-1-4-7_vs_2-3-5-6	SMOTE-SVM	0.997311828	1	1	1	1	0.999462366	1.16E-06
ecoli-0-1_vs_5	SVM	1	1	1	0.897727273	1	0.979545455	0.001673554
ecoli-0-2-3-4_vs_5	SVM	1	0.993243243	1	0.944444444	1	0.987537538	0.000471102
ecoli-0-1-4-7_vs_5-6	SMOTE-SVM	1	1	1	1	1	1	0
ecoli-0-2-6-7_vs_3-5	SVM	1	1	1	0.86875	1	0.97375	0.00275625
ecoli-0-1_vs_2-3-5	SMOTE-SVM	0.931818182	1	1	0.990909091	1	0.984545455	0.000707438
ecoli-0-3-4-6_vs_5	SVM	1	0.993243243	1	0.972972973	1	0.993243243	0.000109569
ecoli-0-1_vs_5	SMOTE-SVM	1	1	1	1	1	1	0
ecoli-0-3-4-7_vs_5-6	SVM	0.995744681	1	0.926086957	1	1	0.984366327	0.000851837
ecoli-0-2-3-4_vs_5	SMOTE-SVM	1	0.993243243	1	0.958333333	1	0.990315315	0.00026256
ecoli-0-3-4_vs_5	SVM	1	0.993055556	1	0.958333333	1	0.990277778	0.000262346
ecoli-0-2-6-7_vs_3-5	SMOTE-SVM	1	1	1	1	1	1	0
ecoli-0-4-6_vs_5	SVM	1	0.993243243	1	0.993055556	1	0.99725976	1.13E-05
ecoli-0-6-7_vs_3-5	SVM	1	1	1	0.88125	1	0.97625	0.00225625
ecoli-0-3-4-6_vs_5	SMOTE-SVM	1	1	1	1	1	1	0
ecoli-0-6-7_vs_5	SVM	1	1	1	0.8625	1	0.9725	0.003025
ecoli-0-3-4-7_vs_5-6	SMOTE-SVM	1	1	1	1	1	1	0
ecoli-0_vs_1	SVM	0.997844828	1	0.986206897	1	1	0.996810345	2.88E-05
ecoli-0-3-4_vs_5	SMOTE-SVM	1	1	1	1	1	1	0
ecoli-0-4-6_vs_5	SMOTE-SVM	1	0.993243243	1	0.979166667	1	0.994481982	6.55E-05
ecoli1	SVM	0.991586538	0.995192308	0.914102564	0.885897436	1	0.957355769	0.002279803
ecoli-0-6-7_vs_3-5	SMOTE-SVM	1	1	1	1	1	1	0
ecoli-0-6-7_vs_5	SMOTE-SVM	1	1	1	1	1	1	0
ecoli2	SVM	1	0.956937799	1	0.966666667	0.910714286	0.96686375	0.00108947
ecoli-0_vs_1	SMOTE-SVM	0.997844828	1	0.986206897	1	1	0.996810345	2.88E-05
ecoli3	SVM	0.995316159	0.933333333	0.995238095	0.914285714	1	0.96763466	0.001319684
ecoli4	SVM	0.99609375	1	1	1	1	0.99921875	2.44E-06
glass-0-1-2-3_vs_4-5-6	SVM	1	1	0.948484848	1	1	0.98969697	0.00042461
ecoli1	SMOTE-SVM	0.993990385	1	0.917948718	0.935897436	1	0.969567308	0.001249385
glass-0-1-4-6_vs_2	SVM	0.960526316	0.960526316	0.868421053	0.873873874	1	0.932669512	0.002734038
ecoli2	SMOTE-SVM	1	0.961722488	1	0.98245614	0.948214286	0.978478583	0.000427772
glass-0-1-5_vs_2	SVM	0.935483871	1	0.870967742	0.967741935	0.989247312	0.952688172	0.002155162
glass-0-1-6_vs_2	SVM	0.928571429	0.971428571	0.933333333	0.885714286	1	0.943809524	0.001527438
ecoli3	SMOTE-SVM	0.995316159	0.942857143	1	0.952380952	1	0.978110851	0.000631829
glass-0-1-6_vs_5	SVM	1	1	1	1	0.971428571	0.994285714	0.000130612
glass-0-4_vs_5	SVM	1	1	1	1	1	1	0
ecoli4	SMOTE-SVM	1	1	1	1	1	1	0
glass-0-6_vs_5	SVM	1	1	1	1	1	1	0
glass-0-1-2-3_vs_4-5-6	SMOTE-SVM	1	1	0.948484848	1	1	0.98969697	0.00042461
glass0	SVM	0.86453202	0.886699507	0.935960591	0.945812808	0.982142857	0.923029557	0.001784501
glass-0-1-4-6_vs_2	SMOTE-SVM	0.986842105	0.953947368	1	0.981981982	1	0.984554291	0.000285155
glass-0-1-5_vs_2	SMOTE-SVM	1	1	0.88172043	0.978494624	1	0.972043011	0.002108914
glass1	SVM	0.850446429	0.878571429	0.797619048	0.590123457	0.935802469	0.810512566	0.014132377
glass-0-1-6_vs_2	SMOTE-SVM	0.992857143	0.978571429	1	0.971428571	1	0.988571429	0.000134694
glass2	SVM	0.95	0.94375	0.982905983	0.88034188	0.923076923	0.936014957	0.001144213
glass-0-1-6_vs_5	SMOTE-SVM	1	1	1	1	1	1	0
glass4	SVM	1	1	1	1	0.75	0.95	0.01
glass-0-4_vs_5	SMOTE-SVM	1	1	1	1	1	1	0
glass5	SVM	1	1	1	1	0.951219512	0.990243902	0.000380726
glass-0-6_vs_5	SMOTE-SVM	1	1	1	1	1	1	0
glass6	SVM	1	1	1	1	1	1	0
glass0	SMOTE-SVM	0.874384236	0.906403941	0.931034483	0.95320197	0.979591837	0.928923293	0.001328569
glass1	SMOTE-SVM	0.870535714	0.873809524	0.852380952	0.609876543	0.95308642	0.831937831	0.013529831
glass2	SMOTE-SVM	0.975	0.975	1	0.982905983	0.982905983	0.983162393	8.34E-05
glass4	SMOTE-SVM	1	1	1	1	0.975	0.995	0.0001
glass5	SMOTE-SVM	1	1	1	1	1	1	0
glass6	SMOTE-SVM	1	1	1	1	1	1	0								
haberman	SVM	0.667320261	0.748611111	0.835416667	0.700694444	0.844444444	0.759297386	0.005010492
iris0	SVM	1	1	1	1	1	1	0
led7digit-0-2-4-5-6-7-8-9_vs_1	SVM	0.995426829	0.910493827	1	0.837742504	0.999118166	0.948556265	0.00422565
new-thyroid1	SVM	1	1	1	1	1	1	0
newthyroid2	SVM	1	1	1	1	1	1	0
page-blocks-1-3_vs_4	SVM	1	1	1	1	1	1	0
haberman	SMOTE-SVM	0.655555556	0.758333333	0.825694444	0.697916667	0.829166667	0.753333333	0.004728665
iris0	SMOTE-SVM	1	1	1	1	1	1	0
led7digit-0-2-4-5-6-7-8-9_vs_1	SMOTE-SVM	0.99847561	0.890432099	1	0.878306878	0.999118166	0.953266551	0.003179473
new-thyroid1	SMOTE-SVM	1	1	1	1	1	1	0
newthyroid2	SMOTE-SVM	1	1	1	1	1	1	0
page-blocks-1-3_vs_4	SMOTE-SVM	1	1	1	1	1	1	9.86E-33								
page-blocks0	SVM	0.989568195	0.984304607	0.983809584	0.951433845	0.973170217	0.97645729	0.000184902
cleveland-0_vs_4	cGAN-SVM	1	1	0.98989899	0.939393939	1	0.985858586	0.000555045
pima	SVM	0.822407407	0.81962963	0.834814815	0.884528302	0.860377358	0.844351502	0.000610933
poker-8-9_vs_5	SVM	0.852195122	0.88195122	0.932195122	0.685853659	0.933170732	0.857073171	0.008278596
poker-8-9_vs_6	SVM	1	1	1	1	1	1	0
poker-8_vs_6	SVM	1	1	1	1	1	1	0
poker-9_vs_7	SVM	0.979166667	1	1	1	1	0.995833333	6.94E-05								
segment0	SVM	0.999961739	1	1	1	1	0.999992348	2.34E-10
shuttle-2_vs_5	SVM	1	1	1	1	1	1	0
shuttle-6_vs_2-3	SVM	1	1	1	1	1	1	0
shuttle-c0-vs-c4	SVM	1	1	1	1	1	1	0
vehicle0	SVM	1	0.999807692	0.998837209	0.999612403	0.999602465	0.999571954	1.56E-07
vehicle1	SVM	0.943722944	0.943903319	0.937615356	0.901255076	0.944930233	0.934285385	0.000279395
vehicle2	SVM	0.998015873	0.997835498	0.99963925	1	1	0.999098124	9.37E-07
vehicle3	SVM	0.918329976	0.938472807	0.919572553	0.908136483	0.921201814	0.921142727	9.60E-05
vowel0	SVM	1	0.976234568	0.99382716	1	1	0.994012346	8.47E-05
winequality-red-3_vs_5	SVM	0.912408759	0.871323529	0.941176471	0.886029412	0.926470588	0.907481752	0.000657561
page-blocks0	SMOTE-SVM	0.992220426	0.991798067	0.99400069	0.978510511	0.976335297	0.986572998	5.68E-05								
winequality-red-4	SVM	0.631671554	0.7887614	0.69579288	0.836569579	0.796763754	0.749911834	0.005624716
winequality-red-8_vs_6-7	SVM	0.879464286	0.864583333	0.718562874	0.888223553	0.920159681	0.854198745	0.004930362
winequality-red-8_vs_6	SVM	0.931640625	0.939453125	0.77734375	0.952755906	0.968503937	0.913939469	0.004821333
winequality-white-3-9_vs_5	SVM	0.938356164	0.880136986	0.826804124	0.790378007	0.821993127	0.851533682	0.002716101
winequality-white-3_vs_7	SVM	0.954545455	0.991477273	1	0.901988636	0.873579545	0.944318182	0.002444957
wisconsin	SVM	0.993445693	0.995786517	0.995552434	1	0.996856867	0.996328302	4.59E-06
pima	SMOTE-SVM	0.822037037	0.823703704	0.832037037	0.892264151	0.868679245	0.847744235	0.000781164
yeast-0-2-5-6_vs_3-7-8-9	SVM	0.969337017	0.994475138	0.869060773	0.761049724	0.730154115	0.864815353	0.011331083
ecoli-0-1-4-6_vs_5	cGAN-SVM	1	0.975961538	1	0.875	1	0.970192308	0.002352071
yeast-0-2-5-7-9_vs_3-6-8	SVM	0.987016575	0.997237569	0.982044199	0.960773481	0.825530678	0.9505205	0.004047154
yeast-0-3-5-9_vs_7-8	SVM	0.835869565	0.778021978	0.846153846	0.993406593	0.837362637	0.858162924	0.005157457
yeast-0-5-6-7-9_vs_4	SVM	0.966856061	0.951041667	0.988421053	0.776842105	0.833684211	0.903369019	0.006880433
poker-8-9_vs_5	SMOTE-SVM	1	1	1	1	1	1	0								
yeast-1-2-8-9_vs_7	SVM	0.777173913	0.835144928	0.826047359	0.807832423	0.85154827	0.819549378	0.000648468
poker-8-9_vs_6	SMOTE-SVM	1	1	1	1	1	1	0
yeast-1-4-5-8_vs_7	SVM	0.79197995	0.781954887	0.890977444	0.882575758	0.787878788	0.827073365	0.002393537
yeast-1_vs_7	SVM	0.864341085	0.953488372	0.82751938	0.897286822	0.860784314	0.880683995	0.001813139
yeast-2_vs_4	SVM	0.988269795	0.987096774	0.992473118	0.977173913	1	0.98900272	5.54E-05
yeast-2_vs_8	SVM	1	0.930107527	0.894021739	0.766304348	0.994565217	0.916999766	0.00726287
poker-8_vs_6	SMOTE-SVM	1	1	1	1	1	1	0
poker-9_vs_7	SMOTE-SVM	1	1	1	1	1	1	0
segment0	SMOTE-SVM	0.999961739	1	1	1	1	0.999992348	2.34E-10								
shuttle-2_vs_5	SMOTE-SVM	1	1	1	1	1	1	0
shuttle-6_vs_2-3	SMOTE-SVM	1	1	1	1	1	1	0
shuttle-c0-vs-c4	SMOTE-SVM	1	1	1	1	1	1	0
vehicle0	SMOTE-SVM	1	1	0.999031008	0.999224806	1	0.999651163	1.86E-07
vehicle1	SMOTE-SVM	0.94498557	0.955808081	0.941675895	0.930601698	0.949209302	0.944456109	7.03E-05								
vehicle2	SMOTE-SVM	0.998015873	0.998917749	0.99963925	1	1	0.999314574	5.78E-07
vehicle3	SMOTE-SVM	0.927485808	0.940853324	0.918260217	0.909448819	0.921957672	0.923601168	0.000108849
vowel0	SMOTE-SVM	1	1	1	1	1	1	0
winequality-red-3_vs_5	SMOTE-SVM	1	1	1	1	0.992647059	0.998529412	8.65E-06								
yeast1	SVM	0.793673537	0.81389838	0.820511407	0.72219773	0.826038472	0.795263905	0.00145459
winequality-red-4	SMOTE-SVM	0.947800587	0.994410121	0.974110032	0.999352751	0.967313916	0.976597481	0.000351345
winequality-red-8_vs_6-7	SMOTE-SVM	0.998511905	0.99702381	1	0.99001996	0.988023952	0.994715925	2.29E-05
yeast3	SVM	0.982389937	0.986685032	0.969352617	0.958806818	0.991358902	0.977718661	0.000143184
winequality-red-8_vs_6	SMOTE-SVM	0.99609375	1	0.994140625	0.984251969	1	0.994897269	3.35E-05
yeast4	SVM	0.974025974	0.87456446	0.912891986	0.83986014	0.943706294	0.909009771	0.002282836
ecoli-0-1-4-7_vs_2-3-5-6	cGAN-SVM	0.930107527	0.997311828	1	0.87704918	1	0.960893707	0.002472515								
yeast5	SVM	0.995756173	0.992283951	0.997299383	1	0.994791667	0.996026235	6.60E-06
yeast6	SVM	0.979310345	0.971921182	0.937438424	0.994581281	0.978250124	0.972300271	0.000359295
winequality-white-3-9_vs_5	SMOTE-SVM	1	1	1	1	0.997938144	0.999587629	6.80E-07
winequality-white-3_vs_7	SMOTE-SVM	1	1	1	1	1	1	0
wisconsin	SMOTE-SVM	0.993679775	0.995552434	0.995318352	1	0.996373308	0.996184774	4.40E-06								
yeast-0-2-5-6_vs_3-7-8-9	SMOTE-SVM	0.979834254	1	0.886464088	0.856353591	0.785984298	0.901727246	0.00628928
yeast-0-2-5-7-9_vs_3-6-8	SMOTE-SVM	0.991436464	0.999723757	0.998895028	0.962983425	0.954637976	0.98153533	0.00035957
yeast-0-3-5-9_vs_7-8	SMOTE-SVM	0.947826087	0.823076923	0.96043956	0.989010989	0.838461538	0.91176302	0.004575106
yeast-0-5-6-7-9_vs_4	SMOTE-SVM	0.980113636	0.983333333	0.986315789	0.924210526	0.893684211	0.953531499	0.001422197								
yeast-1-2-8-9_vs_7	SMOTE-SVM	0.985507246	0.990942029	0.989981785	0.97723133	0.986338798	0.986000238	2.35E-05
yeast-1-4-5-8_vs_7	SMOTE-SVM	0.978696742	0.90726817	0.968671679	0.96969697	0.970959596	0.959058631	0.000683025
ecoli-0-4-6_vs_5	SMOTEBoost	1	0.97972973	0.986486486	0.944444444	0.979166667	0.977965465	0.000337269
yeast-1_vs_7	SMOTE-SVM	0.951550388	0.992248062	0.974806202	0.955426357	0.996078431	0.974021888	0.000334012
yeast-2_vs_4	SMOTE-SVM	0.995112414	0.996774194	0.997849462	0.984782609	1	0.994903736	2.81E-05
yeast-2_vs_8	SMOTE-SVM	1	0.983870968	0.989130435	0.991847826	1	0.992969846	3.95E-05
ecoli-0-1-4-7_vs_5-6	cGAN-SVM	1	1	0.918032787	1	0.980327869	0.979672131	0.001007901
ecoli-0-1_vs_2-3-5	cGAN-SVM	0.963636364	1	1	0.954545455	1	0.983636364	0.000409917
yeast1	SMOTE-SVM	0.821227819	0.830871817	0.834894743	0.719772953	0.822470031	0.805847472	0.00187833								
yeast3	SMOTE-SVM	0.989479703	0.988292011	0.978535354	0.972064394	0.991950758	0.984064444	5.68E-05
yeast4	SMOTE-SVM	0.987329743	0.976655052	0.992682927	0.981818182	0.986363636	0.984969908	2.92E-05
yeast5	SMOTE-SVM	0.996527778	0.996141975	1	1	0.995659722	0.997665895	3.71E-06
yeast6	SMOTE-SVM	0.995073892	0.997536946	0.997044335	0.994581281	0.990608008	0.994968892	6.02E-06
ecoli-0-1_vs_5	cGAN-SVM	1	0.994318182	1	0.931818182	1	0.985227273	0.000717975
ecoli-0-2-3-4_vs_5	cGAN-SVM	1	0.993243243	1	0.944444444	1	0.987537538	0.000471102								
ecoli-0-2-6-7_vs_3-5	cGAN-SVM	1	1	1	0.8875	1	0.9775	0.002025
ecoli-0-3-4-6_vs_5	cGAN-SVM	1	0.993243243	1	0.966216216	1	0.991891892	0.000171658
ecoli-0-3-4-7_vs_5-6	cGAN-SVM	1	1	0.960869565	0.982608696	0.873913043	0.963478261	0.002212476
ecoli-0-3-4_vs_5	cGAN-SVM	1	0.993055556	1	0.958333333	1	0.990277778	0.000262346
ecoli-0-4-6_vs_5	cGAN-SVM	1	0.993243243	1	0.986111111	1	0.995870871	3.07E-05
ecoli-0-6-7_vs_3-5	cGAN-SVM	1	1	1	0.8875	1	0.9775	0.002025
ecoli-0-6-7_vs_5	cGAN-SVM	1	1	1	0.85	1	0.97	0.0036
ecoli-0_vs_1	cGAN-SVM	0.997844828	1	0.986206897	1	1	0.996810345	2.88E-05
ecoli1	cGAN-SVM	0.990384615	0.997596154	0.920512821	0.884615385	1	0.958621795	0.002233855
ecoli2	cGAN-SVM	0.985645933	0.950558214	1	0.978947368	0.942857143	0.971601732	0.000465348
ecoli3	cGAN-SVM	1	0.938095238	0.99047619	0.904761905	1	0.966666667	0.001487528
ecoli4	cGAN-SVM	1	1	1	1	1	1	0
glass-0-1-2-3_vs_4-5-6	cGAN-SVM	1	1	0.948484848	1	1	0.98969697	0.00042461
glass-0-1-4-6_vs_2	cGAN-SVM	0.947368421	0.934210526	0.798245614	0.927927928	1	0.921550498	0.004445186
glass-0-1-5_vs_2	cGAN-SVM	0.85483871	0.951612903	0.88172043	0.924731183	0.956989247	0.913978495	0.001583998
glass-0-1-6_vs_2	cGAN-SVM	0.95	0.942857143	0.942857143	0.914285714	1	0.95	0.00077551
glass-0-1-6_vs_5	cGAN-SVM	1	1	1	1	1	1	0
glass-0-4_vs_5	cGAN-SVM	1	1	1	1	1	1	0
glass-0-6_vs_5	cGAN-SVM	1	1	1	1	1	1	0
glass0	cGAN-SVM	0.854679803	0.889162562	0.943349754	0.933497537	0.969387755	0.918015482	0.001672906							
glass1	cGAN-SVM	0.861607143	0.871428571	0.804761905	0.639506173	0.938271605	0.823115079	0.010225185
glass2	cGAN-SVM	0.94375	0.9625	0.982905983	0.905982906	0.88034188	0.935096154	0.00139145
glass4	cGAN-SVM	1	1	1	1	0.7625	0.9525	0.009025
glass5	cGAN-SVM	1	1	1	1	1	1	0
glass6	cGAN-SVM	1	1	1	1	1	1	0
haberman	cGAN-SVM	0.630718954	0.781944444	0.785416667	0.714583333	0.826388889	0.747810458	0.004713678
iris0	cGAN-SVM	1	1	1	1	1	1	0
led7digit-0-2-4-5-6-7-8-9_vs_1	cGAN-SVM	0.986280488	0.973765432	0.996472663	0.793650794	0.858024691	0.921638814	0.006584705
new-thyroid1	cGAN-SVM	1	1	1	1	1	1	0
newthyroid2	cGAN-SVM	1	1	1	1	1	1	0
page-blocks-1-3_vs_4	cGAN-SVM	1	1	1	1	1	1	0
page-blocks0	cGAN-SVM	0.989568195	0.984304607	0.983809584	0.951824811	0.973170217	0.976535483	0.000181013
pima	cGAN-SVM	0.818888889	0.816851852	0.844444444	0.88245283	0.849056604	0.842338924	0.000571636
poker-8-9_vs_5	cGAN-SVM	0.878536585	0.90195122	0.931219512	0.826341463	0.934634146	0.894536585	0.001583001
poker-8-9_vs_6	cGAN-SVM	0.973972603	0.973972603	0.997945205	0.948630137	0.948630137	0.968630137	0.000343291
poker-8_vs_6	cGAN-SVM	0.966609589	0.996575342	0.985159817	0.988584475	0.901826484	0.967751142	0.001183058
poker-9_vs_7	cGAN-SVM	0.833333333	1	0.925531915	1	1	0.95177305	0.004338816
segment0	cGAN-SVM	0.999961739	1	1	1	1	0.999992348	2.34E-10
shuttle-2_vs_5	cGAN-SVM	1	1	1	1	1	1	0
shuttle-6_vs_2-3	cGAN-SVM	1	1	1	1	1	1	0
shuttle-c0-vs-c4	cGAN-SVM	1	1	1	1	1	1	0
vehicle0	cGAN-SVM	1	1	0.998449612	0.999031008	0.999801232	0.999456371	3.81E-07
vehicle1	cGAN-SVM	0.942279942	0.947510823	0.932447398	0.895717977	0.940093023	0.931609833	0.000345517
vehicle2	cGAN-SVM	0.998376623	0.998015873	0.99963925	1	1	0.999206349	7.11E-07
vehicle3	cGAN-SVM	0.909906611	0.919062443	0.912635921	0.911511061	0.911942555	0.913011718	9.96E-06
vowel0	cGAN-SVM	1	0.988888889	0.99382716	1	1	0.99654321	2.04E-05
winequality-red-3_vs_5	cGAN-SVM	0.897810219	0.977941176	0.808823529	0.625	0.801470588	0.822209103	0.013893739
winequality-red-4	cGAN-SVM	0.660703812	0.654015887	0.561635775	0.863106796	0.873462783	0.722585011	0.015389228
winequality-red-8_vs_6-7	cGAN-SVM	0.583333333	0.873511905	0.865269461	0.830339321	0.630738523	0.756638509	0.015355475
winequality-red-8_vs_6	cGAN-SVM	0.93359375	0.92578125	0.943359375	0.93175853	0.902887139	0.927476009	0.000183107
winequality-white-3-9_vs_5	cGAN-SVM	0.930821918	0.784931507	0.880412371	0.762199313	0.762886598	0.824250341	0.004734697
winequality-white-3_vs_7	cGAN-SVM	0.904829545	1	0.948863636	0.950284091	0.848011364	0.930397727	0.002604436
wisconsin	cGAN-SVM	0.993445693	0.995786517	0.995552434	1	0.996856867	0.996328302	4.59E-06
yeast-0-2-5-6_vs_3-7-8-9	cGAN-SVM	0.971270718	0.995856354	0.735082873	0.722928177	0.643501018	0.813727828	0.020279467
yeast-0-2-5-7-9_vs_3-6-8	cGAN-SVM	0.991436464	1	0.985082873	0.959668508	0.824367549	0.952111079	0.0042605
yeast-0-3-5-9_vs_7-8	cGAN-SVM	0.784782609	0.676923077	0.793406593	0.951648352	0.764835165	0.794319159	0.00789908
yeast-0-5-6-7-9_vs_4	cGAN-SVM	0.962121212	0.940625	0.935789474	0.792631579	0.710526316	0.868338716	0.009841278
yeast-1-2-8-9_vs_7	cGAN-SVM	0.77173913	0.792572464	0.757741348	0.690346084	0.85701275	0.773882355	0.002900683
yeast-1-4-5-8_vs_7	cGAN-SVM	0.834586466	0.788220551	0.743107769	0.771464646	0.786616162	0.784799119	0.000881953
yeast-1_vs_7	cGAN-SVM	0.860465116	0.939922481	0.901162791	0.957364341	0.882352941	0.908253534	0.001283929
yeast-2_vs_4	cGAN-SVM	0.988269795	0.987096774	0.993548387	0.977173913	1	0.989217774	5.71E-05
yeast-2_vs_8	cGAN-SVM	0.997311828	0.889784946	0.89673913	0.676630435	0.983695652	0.888832398	0.013171984
yeast1	cGAN-SVM	0.812245123	0.795988097	0.815276094	0.691061391	0.798494564	0.782613054	0.002151551
yeast3	cGAN-SVM	0.982046884	0.986455464	0.966368228	0.960108902	0.989346591	0.976865214	0.000133114
yeast4	cGAN-SVM	0.966740576	0.855400697	0.924738676	0.934965035	0.935664336	0.923501864	0.001357643
yeast5	cGAN-SVM	0.99537037	0.992283951	0.997685185	0.997299383	0.994791667	0.995486111	3.77E-06
yeast6	cGAN-SVM	0.969950739	0.938423645	0.779310345	0.986206897	0.95402867	0.925584059	0.005602696
cleveland-0_vs_4	SMOTEBoost-SVM	0.7777777777777778	0.9595959595959596	0.7575757575757576	0.696969696969697	0.953125	0.8290088383838384	0.011523891854147532
ecoli-0-1-4-6_vs_5	SMOTEBoost-SVM	0.9951923076923077	0.9855769230769231	0.9951923076923076	0.9471153846153846	0.9951923076923077	0.9836538461538462	0.00034763313609467483
ecoli-0-1-4-7_vs_2-3-5-6	SMOTEBoost-SVM	0.6612903225806451	0.9973118279569894	0.9863387978142076	0.9125683060109291	0.9836065573770492	0.9082231623479642	0.016143241343881416
ecoli-0-1-4-7_vs_5-6	SMOTEBoost-SVM	0.9161290322580646	0.9290322580645162	0.9639344262295082	0.9967213114754099	0.7049180327868853	0.9021470121628768	0.01051591325326542
ecoli-0-1_vs_2-3-5	SMOTEBoost-SVM	0.6159090909090909	0.8954545454545454	1.0	0.9454545454545454	0.9659090909090908	0.8845454545454544	0.019188842975206618
ecoli-0-1_vs_5	SMOTEBoost-SVM	0.9829545454545454	1.0	1.0	0.9602272727272727	0.9999999999999999	0.9886363636363636	0.00024535123966942134
ecoli-0-2-3-4_vs_5	SMOTEBoost-SVM	0.9864864864864865	0.9932432432432433	0.9791666666666666	0.9375	0.9930555555555555	0.9778903903903904	0.0004345195420645871
ecoli-0-2-6-7_vs_3-5	SMOTEBoost-SVM	0.8243902439024391	0.8975609756097561	1.0	0.790625	0.9875	0.900015243902439	0.007068384704045211
ecoli-0-3-4-6_vs_5	SMOTEBoost-SVM	0.9932432432432433	0.9729729729729729	0.9932432432432433	0.918918918918919	1.0	0.9756756756756758	0.0008875091307523739
ecoli-0-3-4-7_vs_5-6	SMOTEBoost-SVM	0.948936170212766	0.9361702127659575	1.0	0.8565217391304348	0.8478260869565217	0.9178908418131361	0.0033430196626449103
ecoli-0-3-4_vs_5	SMOTEBoost-SVM	1.0	0.9722222222222222	1.0	0.9513888888888888	0.9861111111111112	0.9819444444444445	0.0003395061728395069
ecoli-0-4-6_vs_5	SMOTEBoost-SVM	1.0	1.0	0.9932432432432433	0.9513888888888888	0.9166666666666667	0.9722597597597599	0.001101106737367998
ecoli-0-6-7_vs_3-5	SMOTEBoost-SVM	0.7	0.885	1.0	0.8125	0.90625	0.86075	0.0100435
ecoli-0-6-7_vs_5	SMOTEBoost-SVM	0.9874999999999999	0.9625	1.0	0.85625	1.0	0.96125	0.002943750000000001
ecoli-0_vs_1	SMOTEBoost-SVM	0.9978448275862069	1.0	0.9540229885057472	1.0	1.0	0.9903735632183908	0.00033103778570484776
ecoli1	SMOTEBoost-SVM	0.9849759615384616	1.0	0.8583333333333334	0.8512820512820514	0.918954248366013	0.9227091189039719	0.0038222413603857448
ecoli2	SMOTEBoost-SVM	0.9760765550239234	0.9425837320574162	0.9789473684210527	0.9017543859649123	0.7803571428571429	0.9159438368648894	0.005376032981280849
ecoli3	SMOTEBoost-SVM	0.9391100702576112	0.7452380952380951	0.9380952380952381	0.8607142857142857	0.819047619047619	0.8604410616705698	0.0054408398493321925
ecoli4	SMOTEBoost-SVM	0.98046875	1.0	1.0	0.9841269841269841	0.9761904761904762	0.9881572420634921	9.981224115803752e-05
glass-0-1-2-3_vs_4-5-6	SMOTEBoost-SVM	0.8953168044077136	0.9969696969696971	0.9212121212121211	0.978125	0.996875	0.9576997245179063	0.0017433997480913572
glass-0-1-4-6_vs_2	SMOTEBoost-SVM	0.8848684210526316	0.6875	0.8508771929824561	0.8648648648648648	0.8558558558558558	0.8287932669511617	0.005125890775292774
glass-0-1-5_vs_2	SMOTEBoost-SVM	0.8387096774193548	0.8064516129032259	0.7150537634408602	0.7849462365591398	0.8709677419354839	0.803225806451613	0.002793386518672677
glass-0-1-6_vs_2	SMOTEBoost-SVM	0.8464285714285714	0.7000000000000001	0.8285714285714285	0.8761904761904762	0.8190476190476191	0.8140476190476191	0.0036306122448979557
glass-0-1-6_vs_5	SMOTEBoost-SVM	1.0	0.9714285714285713	1.0	0.9857142857142857	0.5714285714285714	0.9057142857142857	0.028048979591836738
glass-0-4_vs_5	SMOTEBoost-SVM	1.0	1.0	1.0	0.96875	0.625	0.91875	0.021718750000000002
glass-0-6_vs_5	SMOTEBoost-SVM	1.0	1.0	1.0	0.975	1.0	0.9949999999999999	0.00010000000000000018
glass0	SMOTEBoost-SVM	0.9261083743842365	0.8817733990147784	0.8916256157635467	0.8620689655172414	0.9081632653061225	0.893947923997185	0.0004812501330945641
glass1	SMOTEBoost-SVM	0.8325892857142857	0.7904761904761906	0.6702380952380953	0.6148148148148148	0.8765432098765431	0.756932319223986	0.009773841314360671
glass2	SMOTEBoost-SVM	0.5875	0.725	0.7948717948717948	0.7692307692307692	0.8290598290598291	0.7411324786324787	0.007054368471035137
glass4	SMOTEBoost-SVM	0.7642276422764227	1.0	0.975	0.9625	0.6125	0.8628455284552846	0.02274387186859673
glass5	SMOTEBoost-SVM	0.4878048780487805	0.9878048780487805	1.0	1.0	0.6341463414634146	0.8219512195121951	0.0475669244497323
glass6	SMOTEBoost-SVM	0.9774774774774775	0.9617117117117117	1.0	1.0	0.9837837837837838	0.9845945945945946	0.00020991802613424276
haberman	SMOTEBoost-SVM	0.5470588235294118	0.6506944444444444	0.7965277777777778	0.6763888888888889	0.6763888888888889	0.6694117647058824	0.006315284319065318
iris0	SMOTEBoost-SVM	1.0	1.0	1.0	1.0	1.0	1.0	0.0
led7digit-0-2-4-5-6-7-8-9_vs_1	SMOTEBoost-SVM	0.9375	0.8996913580246914	1.0	0.6843033509700177	0.9973544973544974	0.9037698412698413	0.013467645860356026
new-thyroid1	SMOTEBoost-SVM	1.0	1.0	1.0	1.0	1.0	1.0	0.0
newthyroid2	SMOTEBoost-SVM	1.0	0.996031746031746	1.0	0.996031746031746	1.0	0.9984126984126984	3.7792894935751806e-06
page-blocks-1-3_vs_4	SMOTEBoost-SVM	0.9999999999999999	1.0	1.0	0.9943820224719101	0.9636363636363636	0.9916036772216547	0.0002002769080204204
page-blocks0	SMOTEBoost-SVM	0.9873156154628687	0.9730553335271036	0.9697309620694667	0.9617353433226652	0.947785361736482	0.9679245232237174	0.00016989893343131518
pima	SMOTEBoost-SVM	0.7952777777777778	0.7775925925925925	0.831111111111111	0.854811320754717	0.824811320754717	0.816720824598183	0.0007428490336518778
poker-8-9_vs_5	SMOTEBoost-SVM	0.5219512195121951	0.7519512195121951	0.43390243902439024	0.15609756097560976	0.42000000000000004	0.456780487804878	0.03673188340273646
poker-8-9_vs_6	SMOTEBoost-SVM	0.559931506849315	0.5746575342465754	0.4897260273972603	0.26301369863013696	0.26746575342465756	0.43095890410958904	0.019134481140927004
poker-8_vs_6	SMOTEBoost-SVM	0.5706335616438357	0.5556506849315068	0.4754566210045662	0.22945205479452055	0.36872146118721455	0.4399828767123288	0.016221689237088475
poker-9_vs_7	SMOTEBoost-SVM	0.7916666666666666	0.5	0.5957446808510638	0.06382978723404253	0.9574468085106383	0.5817375886524823	0.09206667169659474
segment0	SMOTEBoost-SVM	0.9976277930823386	0.9999999999999999	0.9999234771962044	0.9999999999999999	0.9994547224926973	0.9994011985542481	8.275466204996452e-07
shuttle-2_vs_5	SMOTEBoost-SVM	1.0	1.0	1.0	1.0	1.0	1.0	0.0
shuttle-6_vs_2-3	SMOTEBoost-SVM	1.0	1.0	1.0	1.0	1.0	1.0	0.0
shuttle-c0-vs-c4	SMOTEBoost-SVM	1.0	1.0	1.0	1.0	1.0	1.0	0.0
vehicle0	SMOTEBoost-SVM	0.9901923076923077	0.995	0.9627906976744185	0.9945736434108527	0.9976147883124629	0.9880342874180084	0.00016499324012233448
vehicle1	SMOTEBoost-SVM	0.8224206349206349	0.8161075036075036	0.8106312292358804	0.7981727574750831	0.8596279069767443	0.8213920064431693	0.0004291791970250267
vehicle2	SMOTEBoost-SVM	0.9942279942279942	0.9908008658008658	0.9796176046176046	0.9917209302325581	0.9973953488372094	0.9907525487432464	3.622651846677437e-05
vehicle3	SMOTEBoost-SVM	0.8072697308185314	0.802508698040652	0.8443007124109487	0.7936820397450319	0.7922335600907029	0.8079989482211734	0.0003604028039147356
vowel0	SMOTEBoost-SVM	0.9925925925925926	0.9941358024691357	0.883179012345679	0.9999999999999999	0.9909993792675358	0.9721813573349886	0.0019896056857326067
winequality-red-3_vs_5	SMOTEBoost-SVM	0.291970802919708	0.7904411764705882	0.4944852941176471	0.6305147058823529	0.693014705882353	0.5800853370545298	0.029976618978235853
winequality-red-4	SMOTEBoost-SVM	0.42624633431085035	0.7858193586348926	0.5201529861724036	0.577831715210356	0.8	0.6220100788657005	0.021832786198645395
winequality-red-8_vs_6-7	SMOTEBoost-SVM	0.9114583333333334	0.7336309523809523	0.7769461077844312	0.6976047904191616	0.6227544910179641	0.7484789349871686	0.009197588239342736
winequality-red-8_vs_6	SMOTEBoost-SVM	0.861328125	0.7216796875	0.6875	0.7939632545931758	0.795275590551181	0.7719493315288714	0.0037352045194948675
winequality-white-3-9_vs_5	SMOTEBoost-SVM	0.756164383561644	0.6308219178082192	0.7120274914089347	0.7958762886597939	0.7037800687285224	0.719734030033423	0.0030688195052305097
winequality-white-3_vs_7	SMOTEBoost-SVM	0.9204545454545454	0.671875	0.9886363636363635	0.7755681818181819	0.9659090909090909	0.8644886363636364	0.014767561983471067
wisconsin	SMOTEBoost-SVM	0.977996254681648	0.9939138576779026	0.9939138576779026	0.9960205992509363	0.9770309477756286	0.9877751034128037	7.088391446677417e-05
yeast-0-2-5-6_vs_3-7-8-9	SMOTEBoost-SVM	0.8566298342541436	0.9714088397790055	0.7509668508287294	0.6433701657458564	0.636813027042745	0.771837743530096	0.016437901574747553
yeast-0-2-5-7-9_vs_3-6-8	SMOTEBoost-SVM	0.9331491712707182	0.994475138121547	0.9661602209944751	0.944060773480663	0.5878162256469903	0.8851323059028786	0.02253928264224717
yeast-0-3-5-9_vs_7-8	SMOTEBoost-SVM	0.7597826086956522	0.6263736263736264	0.7582417582417582	0.7302197802197803	0.6703296703296704	0.7089894887720976	0.002755282927255755
yeast-0-5-6-7-9_vs_4	SMOTEBoost-SVM	0.8702651515151514	0.8687499999999999	0.9442105263157895	0.6736842105263158	0.6810526315789475	0.8075925039872407	0.012055270891679312
yeast-1-2-8-9_vs_7	SMOTEBoost-SVM	0.7635869565217391	0.7164855072463768	0.7163023679417122	0.6083788706739526	0.6502732240437158	0.6910053852854994	0.0030087016612100168
yeast-1-4-5-8_vs_7	SMOTEBoost-SVM	0.7919799498746868	0.6046365914786966	0.818295739348371	0.5700757575757576	0.5422979797979797	0.6654572036150983	0.013466516969319295
yeast-1_vs_7	SMOTEBoost-SVM	0.742248062015504	0.9011627906976745	0.5862403100775194	0.9195736434108527	0.7549019607843138	0.7808253533971728	0.014751151115278078
yeast-2_vs_4	SMOTEBoost-SVM	0.9130009775171065	0.889247311827957	0.9956989247311829	0.948913043478261	0.8260869565217391	0.9145894428152493	0.0032468589048517
yeast-2_vs_8	SMOTEBoost-SVM	0.989247311827957	0.771505376344086	0.8111413043478262	0.8125	0.7921195652173912	0.8353027115474522	0.006147512262664195
yeast1	SMOTEBoost-SVM	0.807147580734046	0.8115562658437122	0.7838091039347514	0.718229912928469	0.8392528575411207	0.7919991441964198	0.001670769160575359
yeast3	SMOTEBoost-SVM	0.9712978845054316	0.9819788797061525	0.9349747474747475	0.9527107007575757	0.9869791666666666	0.9655882758221148	0.000372368359108294
yeast4	SMOTEBoost-SVM	0.8834336395312004	0.7125435540069686	0.9221254355400696	0.8536713286713287	0.8723776223776224	0.8488303160254379	0.005144311416733762
yeast5	SMOTEBoost-SVM	0.9957561728395062	0.9625771604938271	0.9834104938271605	0.9938271604938271	0.9737413194444444	0.9818624614197532	0.00015529228481391037
yeast6	SMOTEBoost-SVM	0.9017241379310345	0.7714285714285714	0.8041871921182266	0.8152709359605911	0.8588729609490856	0.8302967596775019	0.0020582836255005677
cleveland-0_vs_4	cGANBoost	0.8181818181818181	0.9595959595959597	1.0	0.8484848484848485	0.96875	0.9190025252525252	0.005164157356392208
ecoli-0-1-4-6_vs_5	cGANBoost	0.9567307692307692	0.7788461538461539	0.9711538461538461	0.7259615384615384	0.9182692307692307	0.8701923076923077	0.009828032544378697
ecoli-0-1-4-7_vs_2-3-5-6	cGANBoost	0.6505376344086021	0.6048387096774194	0.9726775956284154	0.8579234972677596	0.9442622950819672	0.8060479464128327	0.022845666607908814
ecoli-0-1-4-7_vs_5-6	cGANBoost	0.9935483870967742	0.9741935483870968	0.7934426229508197	0.957377049180328	0.7836065573770492	0.9004336329984135	0.00848981540493098
ecoli-0-1_vs_2-3-5	cGANBoost	0.75	0.9636363636363636	1.0	0.8590909090909091	0.9943181818181819	0.913409090909091	0.009244008264462812
ecoli-0-1_vs_5	cGANBoost	0.9943181818181819	0.8579545454545454	1.0	0.8352272727272727	0.9943181818181819	0.9363636363636363	0.0054287190082644675
ecoli-0-2-3-4_vs_5	cGANBoost	1.0	0.8310810810810811	0.9930555555555556	0.875	0.9166666666666666	0.9231606606606608	0.0043259701142584015
ecoli-0-2-6-7_vs_3-5	cGANBoost	0.6390243902439023	0.9853658536585366	1.0	0.6875	0.85625	0.8336280487804878	0.022087946162998223
ecoli-0-3-4-6_vs_5	cGANBoost	1.0	0.7972972972972973	1.0	0.7837837837837838	0.945945945945946	0.9054054054054055	0.009203798392987588
ecoli-0-3-4-7_vs_5-6	cGANBoost	0.9914893617021278	0.9063829787234043	0.8130434782608696	0.9565217391304348	0.7391304347826088	0.881313598519889	0.0086600596802392
ecoli-0-3-4_vs_5	cGANBoost	1.0	0.8125	1.0	0.7847222222222221	0.9027777777777778	0.9	0.008190586419753091
ecoli-0-4-6_vs_5	cGANBoost	0.9729729729729729	0.7972972972972973	1.0	0.7708333333333334	0.8194444444444444	0.8721096096096096	0.009031351170990808
ecoli-0-6-7_vs_3-5	cGANBoost	0.62	0.9299999999999999	1.0	0.68125	1.0	0.8462499999999998	0.02654125
ecoli-0-6-7_vs_5	cGANBoost	1.0	0.99375	1.0	0.7375	0.9874999999999999	0.94375	0.010656249999999996
ecoli-0_vs_1	cGANBoost	0.9892241379310345	1.0	0.9770114942528736	1.0	0.9857142857142858	0.9903899835796388	7.73820308940062e-05
ecoli1	cGANBoost	0.9711538461538461	0.9891826923076923	0.8243589743589743	0.8166666666666667	0.7633986928104575	0.8729521744595272	0.008136884885551405
ecoli2	cGANBoost	0.9760765550239233	0.7177033492822967	0.9631578947368422	0.9070175438596492	0.8946428571428571	0.8917196400091136	0.008548750769662192
ecoli3	cGANBoost	0.9859484777517564	0.8	0.8952380952380953	0.9357142857142857	0.9261904761904762	0.9086182669789228	0.00379997903667424
ecoli4	cGANBoost	1.0	1.0	1.0	0.9801587301587301	0.9761904761904762	0.9912698412698413	0.00011589821113630673
glass-0-1-2-3_vs_4-5-6	cGANBoost	1.0	0.9090909090909092	0.906060606060606	1.0	0.96875	0.956780303030303	0.0017451848025711657
glass-0-1-4-6_vs_2	cGANBoost	0.7171052631578948	0.7039473684210527	0.40350877192982454	0.8198198198198198	1.0	0.7288762446657183	0.03768056435187902
glass-0-1-5_vs_2	cGANBoost	0.5483870967741935	0.7338709677419355	0.44086021505376344	0.7096774193548387	0.8387096774193548	0.6543010752688172	0.020035842293906807
glass-0-1-6_vs_2	cGANBoost	0.7285714285714284	0.6714285714285714	0.4285714285714285	0.8476190476190476	1.0	0.7352380952380952	0.03617777777777779
glass-0-1-6_vs_5	cGANBoost	1.0	0.9857142857142857	1.0	0.9142857142857143	0.7428571428571429	0.9285714285714285	0.009632653061224487
glass-0-4_vs_5	cGANBoost	1.0	0.8823529411764706	1.0	1.0	1.0	0.9764705882352942	0.00221453287197232
glass-0-6_vs_5	cGANBoost	1.0	1.0	0.875	1.0	0.3157894736842105	0.8381578947368421	0.07056094182825486
glass0	cGANBoost	0.5886699507389163	0.5246305418719212	0.5295566502463054	0.916256157635468	0.9489795918367347	0.7016185784658691	0.036188845214612825
glass1	cGANBoost	0.3325892857142857	0.6309523809523809	0.5261904761904762	0.7012345679012346	0.071604938271605	0.4525143298059965	0.05172081004812762
glass2	cGANBoost	0.7125	0.9624999999999999	1.0	0.5811965811965811	0.5641025641025641	0.7640598290598289	0.03422531138140112
glass4	cGANBoost	0.959349593495935	0.975	0.9666666666666667	1.0	0.4125	0.8627032520325203	0.05085856632956574
glass5	cGANBoost	1.0	0.9512195121951219	0.5365853658536586	0.975609756097561	0.9024390243902439	0.8731707317073172	0.029363474122546095
glass6	cGANBoost	0.954954954954955	0.8828828828828829	0.8423423423423424	0.6666666666666666	0.9405405405405405	0.8574774774774774	0.010736920704488274
haberman	cGANBoost	0.47908496732026146	0.5902777777777778	0.6673611111111112	0.3826388888888889	0.8027777777777778	0.5844281045751634	0.021280949234268872
iris0	cGANBoost	1.0	1.0	1.0	1.0	1.0	1.0	0.0
led7digit-0-2-4-5-6-7-8-9_vs_1	cGANBoost	0.5518292682926829	0.4845679012345679	0.9470899470899471	0.47971781305114636	0.7592592592592593	0.6444928377855208	0.03320993465509535
new-thyroid1	cGANBoost	1.0	0.9761904761904763	1.0	1.0	1.0	0.9952380952380953	9.070294784580433e-05
newthyroid2	cGANBoost	1.0	1.0	1.0	0.996031746031746	1.0	0.9992063492063492	2.5195263290501205e-06
page-blocks-1-3_vs_4	cGANBoost	1.0	0.9644194756554307	1.0	0.995505617977528	0.30227272727272725	0.8524395641811372	0.07584782183891456
page-blocks0	cGANBoost	0.7988800683040257	0.9173266967010609	0.9148243351257084	0.8476278367762584	0.9411799783490211	0.8839677830512149	0.002779738022556779
pima	cGANBoost	0.7631481481481481	0.6900000000000001	0.7325925925925925	0.7922641509433963	0.7009433962264151	0.7357896575821105	0.0014518062605938882
poker-8-9_vs_5	cGANBoost	0.3707317073170732	0.3775609756097561	0.44487804878048787	0.7004878048780487	0.21902439024390244	0.4225365853658537	0.024775957168352163
poker-8-9_vs_6	cGANBoost	0.5041095890410958	0.4794520547945206	0.5623287671232877	0.3315068493150685	0.5595890410958904	0.4873972602739727	0.007094126477763181
poker-8_vs_6	cGANBoost	0.4058219178082192	0.5308219178082192	0.5388127853881278	0.43036529680365293	0.2625570776255708	0.433675799086758	0.01011191384666708
poker-9_vs_7	cGANBoost	0.42708333333333337	0.6702127659574468	0.6808510638297872	0.5957446808510638	0.7659574468085106	0.6279698581560285	0.013003063540566368
segment0	cGANBoost	0.993954698500153	0.9970921334557697	0.9982782369146006	0.9788414447505357	0.9984031158714702	0.9933139258985058	5.493647817931606e-05
shuttle-2_vs_5	cGANBoost	1.0	1.0	1.0	1.0	1.0	1.0	0.0
shuttle-6_vs_2-3	cGANBoost	1.0	1.0	1.0	1.0	1.0	1.0	0.0
shuttle-c0-vs-c4	cGANBoost	0.9637426900584795	1.0	1.0	1.0	1.0	0.9927485380116959	0.0002103348038712775
vehicle0	cGANBoost	0.9013461538461538	0.8767307692307692	0.8329457364341085	0.9147286821705427	0.9900616179685947	0.9031625919300337	0.0026635125328311323
vehicle1	cGANBoost	0.7678571428571429	0.7743506493506493	0.7700258397932815	0.8038021410114434	0.8586046511627906	0.7949280848350615	0.0011819685062238203
vehicle2	cGANBoost	0.9718614718614719	0.9628427128427128	0.9559884559884559	0.964093023255814	0.9752558139534884	0.9660082955803887	4.6772527246533385e-05
vehicle3	cGANBoost	0.7813587255081487	0.5449551364219007	0.5622422197225347	0.6512935883014623	0.6693121693121694	0.6418323678532432	0.00720640966206128
vowel0	cGANBoost	0.9959876543209877	0.9675925925925926	0.8672839506172839	0.9975170701427685	0.9568590937306021	0.9570480722808469	0.0022645701993874545
winequality-red-3_vs_5	cGANBoost	0.6423357664233577	0.8235294117647058	0.6470588235294117	0.7095588235294118	0.738970588235294	0.7122906826964361	0.004448444203990936
winequality-red-4	cGANBoost	0.5744868035190616	0.763459841129744	0.4648426007649309	0.8844660194174757	0.8621359223300971	0.7098782374322619	0.026981517619559157
winequality-red-8_vs_6-7	cGANBoost	0.5922619047619048	0.7633928571428571	0.6811377245508982	0.8542914171656686	0.7604790419161677	0.7303125891074992	0.007770245513494577
winequality-red-8_vs_6	cGANBoost	0.859375	0.931640625	0.9375	0.921259842519685	0.7769028871391076	0.8853356709317586	0.0037174874277862693
winequality-white-3-9_vs_5	cGANBoost	0.7794520547945205	0.7109589041095891	0.43780068728522337	0.7223367697594502	0.4776632302405499	0.6256423292378666	0.01949369212859203
winequality-white-3_vs_7	cGANBoost	0.5071022727272727	0.9914772727272727	0.6036931818181818	0.5767045454545454	0.3053977272727273	0.596875	0.049836486311983466
wisconsin	cGANBoost	0.9911048689138577	0.9960205992509363	0.9946161048689139	0.9995318352059924	0.9951644100580271	0.9952875636595456	7.302428238182403e-06
yeast-0-2-5-6_vs_3-7-8-9	cGANBoost	0.962707182320442	0.9607734806629834	0.7908839779005525	0.7552486187845304	0.31491712707182323	0.7569060773480663	0.056085498000671516
yeast-0-2-5-7-9_vs_3-6-8	cGANBoost	0.9875690607734806	0.9450276243093922	0.9223756906077348	0.9027624309392266	0.5079965106135504	0.8531462634486768	0.030578900491522544
yeast-0-3-5-9_vs_7-8	cGANBoost	0.7565217391304349	0.36373626373626367	0.8472527472527474	0.9593406593406594	0.6	0.7053702818920211	0.04301295136862143
yeast-0-5-6-7-9_vs_4	cGANBoost	0.8352272727272727	0.8958333333333334	0.8947368421052632	0.7210526315789474	0.6894736842105263	0.8072647527910686	0.007516985614136834
yeast-1-2-8-9_vs_7	cGANBoost	0.6684782608695652	0.7463768115942029	0.8041894353369763	0.5792349726775956	0.6557377049180328	0.6908034370792745	0.006024065173923848
yeast-1-4-5-8_vs_7	cGANBoost	0.5538847117794486	0.7531328320802005	0.7894736842105263	0.5707070707070707	0.4936868686868687	0.632177033492823	0.013692062250210014
yeast-1_vs_7	cGANBoost	0.7461240310077519	0.874031007751938	0.7732558139534884	0.8643410852713178	0.7705882352941177	0.8056680346557228	0.0027885311407248813
yeast-2_vs_4	cGANBoost	0.9481915933528837	0.789247311827957	0.9881720430107527	0.9565217391304347	0.9728260869565217	0.9309917548557098	0.0052117596732918344
yeast-2_vs_8	cGANBoost	0.9946236559139785	0.8709677419354838	0.7418478260869565	0.5434782608695652	0.6657608695652174	0.7633356708742404	0.024679728960547247
yeast1	cGANBoost	0.5797420919210845	0.7321172710239171	0.3506557919100628	0.6491788823983247	0.6533035963200446	0.5929995267146867	0.017010538594809096
yeast3	cGANBoost	0.9156089193825043	0.8826905417814509	0.8801652892561983	0.915719696969697	0.9637784090909091	0.911592571296152	0.0009159054502208249
yeast4	cGANBoost	0.8694963573012354	0.8930313588850174	0.9024390243902439	0.7779720279720279	0.9150349650349651	0.8715947467166979	0.0024135134154557947
yeast5	cGANBoost	0.9668209876543209	0.9714506172839507	0.9830246913580247	0.998070987654321	0.9865451388888888	0.9811824845679012	0.0001236670316310399
yeast6	cGANBoost	0.9044334975369458	0.9748768472906404	0.6591133004926109	0.9049261083743841	0.9500741473059813	0.8786847802001125	0.012782518791341776
