cleveland-0_vs_4	SVM	0.8	0.666666667	1	0.666666667	0.8	0.786666667	0.014933333
ecoli-0-1-4-6_vs_5	SVM	1	0.857142857	1	0.666666667	1	0.904761905	0.01723356
ecoli-0-1-4-7_vs_2-3-5-6	SVM	0.666666667	0.909090909	1	0.909090909	0.888888889	0.874747475	0.012308948
cleveland-0_vs_4	SMOTE-SVM	1	1	1	1	1	1	0
ecoli-0-1-4-7_vs_5-6	SVM	0.888888889	1	0.8	1	0.666666667	0.871111111	0.016079012
ecoli-0-1-4-6_vs_5	SMOTE-SVM	1	0.857142857	1	1	1	0.971428571	0.003265306
ecoli-0-1_vs_2-3-5	SVM	0.666666667	0.888888889	1	0.8	1	0.871111111	0.016079012
ecoli-0-1-4-7_vs_2-3-5-6	SMOTE-SVM	0.8	1	1	1	0.909090909	0.941818182	0.006267769
ecoli-0-1_vs_5	SVM	1	0.857142857	1	0.666666667	1	0.904761905	0.01723356
ecoli-0-2-3-4_vs_5	SVM	0.857142857	0.857142857	1	0.666666667	0.857142857	0.847619048	0.011247166
ecoli-0-1-4-7_vs_5-6	SMOTE-SVM	1	0.888888889	0.888888889	1	0.888888889	0.933333333	0.002962963
ecoli-0-2-6-7_vs_3-5	SVM	0.888888889	0.75	1	0.666666667	1	0.861111111	0.017901235
ecoli-0-1_vs_2-3-5	SMOTE-SVM	0.75	0.888888889	1	0.8	1	0.887777778	0.010375309
ecoli-0-3-4-6_vs_5	SVM	1	0.857142857	1	0.666666667	0.857142857	0.876190476	0.015056689
ecoli-0-1_vs_5	SMOTE-SVM	1	1	1	1	1	1	0
ecoli-0-3-4-7_vs_5-6	SVM	0.888888889	0.909090909	0.888888889	1	0.909090909	0.919191919	0.001714111
ecoli-0-2-3-4_vs_5	SMOTE-SVM	1	0.857142857	1	0.857142857	1	0.942857143	0.004897959
ecoli-0-3-4_vs_5	SVM	1	0.857142857	1	0.666666667	0.857142857	0.876190476	0.015056689
ecoli-0-2-6-7_vs_3-5	SMOTE-SVM	0.888888889	1	1	0.857142857	0.8	0.909206349	0.006307281
ecoli-0-4-6_vs_5	SVM	1	0.857142857	1	0.666666667	0.857142857	0.876190476	0.015056689
ecoli-0-6-7_vs_3-5	SVM	0.888888889	0.75	1	0.666666667	1	0.861111111	0.017901235
ecoli-0-3-4-6_vs_5	SMOTE-SVM	1	1	1	1	1	1	0
ecoli-0-6-7_vs_5	SVM	0.857142857	0.857142857	1	0.666666667	1	0.876190476	0.015056689
ecoli-0-3-4-7_vs_5-6	SMOTE-SVM	0.888888889	0.909090909	1	1	0.714285714	0.902453102	0.010933162
ecoli-0_vs_1	SVM	0.967741935	1	0.965517241	1	1	0.986651835	0.000267755
ecoli-0-3-4_vs_5	SMOTE-SVM	1	1	1	1	0.857142857	0.971428571	0.003265306
ecoli-0-4-6_vs_5	SMOTE-SVM	1	0.857142857	1	0.857142857	0.857142857	0.914285714	0.004897959
ecoli1	SVM	0.933333333	0.903225806	0.785714286	0.666666667	0.965517241	0.850891467	0.012172291
ecoli-0-6-7_vs_3-5	SMOTE-SVM	1	1	1	1	0.8	0.96	0.0064
ecoli-0-6-7_vs_5	SMOTE-SVM	1	0.857142857	1	0.857142857	0.8	0.902857143	0.006726531
ecoli2	SVM	1	0.869565217	0.947368421	0.9	0.695652174	0.882517162	0.010679966
ecoli-0_vs_1	SMOTE-SVM	0.967741935	1	0.965517241	1	1	0.986651835	0.000267755
ecoli3	SVM	0.833333333	0.533333333	0.833333333	0.5	0.933333333	0.726666667	0.030844444
ecoli4	SVM	0.857142857	0.857142857	1	0.857142857	0.666666667	0.847619048	0.011247166
glass-0-1-2-3_vs_4-5-6	SVM	0.857142857	0.571428571	0.818181818	0.952380952	1	0.83982684	0.02222597
ecoli1	SMOTE-SVM	0.933333333	0.967741935	0.727272727	0.666666667	0.965517241	0.852106381	0.01656055
glass-0-1-4-6_vs_2	SVM	0.75	0.8	0.571428571	0.363636364	0.8	0.657012987	0.028586338
ecoli2	SMOTE-SVM	1	0.869565217	0.947368421	0.9	0.75	0.893386728	0.007090273
glass-0-1-5_vs_2	SVM	0.6	0.857142857	0.5	0.666666667	0.8	0.684761905	0.016928798
glass-0-1-6_vs_2	SVM	0.6	0.727272727	0.666666667	0.444444444	0.8	0.647676768	0.01469499
ecoli3	SMOTE-SVM	0.933333333	0.625	0.933333333	0.705882353	0.933333333	0.826176471	0.017878085
glass-0-1-6_vs_5	SVM	0	1	1	0.8	0.111111111	0.582222222	0.19148642
glass-0-4_vs_5	SVM	1	1	1	1	1	1	0
ecoli4	SMOTE-SVM	0.857142857	1	1	1	0.666666667	0.904761905	0.01723356
glass-0-6_vs_5	SVM	1	1	1	1	1	1	0
glass-0-1-2-3_vs_4-5-6	SMOTE-SVM	1	0.947368421	0.8	0.952380952	0.952380952	0.930426065	0.004620514
glass0	SVM	0.714285714	0.742857143	0.848484848	0.827586207	0.75	0.776642783	0.002699245
glass-0-1-4-6_vs_2	SMOTE-SVM	0.888888889	0.8	0.857142857	0.857142857	1	0.880634921	0.004384379
glass-0-1-5_vs_2	SMOTE-SVM	1	1	0.5	0.75	0.8	0.81	0.0344
glass1	SVM	0.75862069	0.785714286	0.628571429	0.536585366	0.785714286	0.699041211	0.00998641
glass-0-1-6_vs_2	SMOTE-SVM	0.75	0.8	1	0.666666667	1	0.843333333	0.018177778
glass2	SVM	0.5	0.6	0.666666667	0.4	0	0.433333333	0.055111111
glass-0-1-6_vs_5	SMOTE-SVM	1	1	1	1	0.666666667	0.933333333	0.017777778
glass4	SVM	0.8	1	0.857142857	1	0.5	0.831428571	0.033665306
glass-0-4_vs_5	SMOTE-SVM	1	1	1	1	1	1	0
glass5	SVM	0.666666667	0.8	1	1	0.133333333	0.72	0.102044444
glass-0-6_vs_5	SMOTE-SVM	1	1	1	1	1	1	0
glass6	SVM	0.8	0.909090909	1	0.923076923	0.888888889	0.904211344	0.004129994
glass0	SMOTE-SVM	0.727272727	0.742857143	0.848484848	0.857142857	0.846153846	0.804382284	0.003240961
glass1	SMOTE-SVM	0.733333333	0.838709677	0.666666667	0.564102564	0.8	0.720562448	0.009563328
glass2	SMOTE-SVM	0.727272727	0.75	0.857142857	0.666666667	0.857142857	0.771645022	0.005615524
glass4	SMOTE-SVM	1	1	0.857142857	1	0.5	0.871428571	0.03755102
glass5	SMOTE-SVM	1	1	0.8	1	0.5	0.86	0.0384
glass6	SMOTE-SVM	0.909090909	1	1	1	0.888888889	0.95959596	0.002489542
haberman	SVM	0.24	0.5	0.461538462	0.428571429	0.52173913	0.430369804	0.01008242
iris0	SVM	1	1	1	1	1	1	0
led7digit-0-2-4-5-6-7-8-9_vs_1	SVM	0.933333333	0.857142857	1	0.444444444	0.833333333	0.813650794	0.037528445
new-thyroid1	SVM	1	1	1	1	0.933333333	0.986666667	0.000711111
newthyroid2	SVM	1	1	1	1	1	1	0
page-blocks-1-3_vs_4	SVM	1	1	1	1	1	1	0
haberman	SMOTE-SVM	0.378378378	0.6	0.6	0.5625	0.64	0.556175676	0.008503907
iris0	SMOTE-SVM	1	1	1	1	1	1	0
led7digit-0-2-4-5-6-7-8-9_vs_1	SMOTE-SVM	0.933333333	0.857142857	1	0.526315789	0.833333333	0.830025063	0.026509944
new-thyroid1	SMOTE-SVM	1	1	1	1	0.933333333	0.986666667	0.000711111
newthyroid2	SMOTE-SVM	1	1	1	1	1	1	0
page-blocks-1-3_vs_4	SMOTE-SVM	1	1	1	1	0.909090909	0.981818182	0.001322314
page-blocks0	SVM	0.847926267	0.812182741	0.776595745	0.793814433	0.779220779	0.801947993	0.000688834
cleveland-0_vs_4	cGAN-SVM	0.8	0.666666667	0.8	0.666666667	1	0.786666667	0.014933333
pima	SVM	0.66	0.666666667	0.629213483	0.723404255	0.707070707	0.677271022	0.001147313
poker-8-9_vs_5	SVM	0.25	0.222222222	0.285714286	0	0	0.151587302	0.015724364
poker-8-9_vs_6	SVM	0.888888889	0.888888889	1	0.75	1	0.905555556	0.008518519
poker-8_vs_6	SVM	1	1	1	1	1	1	0
poker-9_vs_7	SVM	0.666666667	1	0	1	1	0.733333333	0.151111111
segment0	SVM	0.992481203	1	1	0.992481203	1	0.996992481	1.36E-05
shuttle-2_vs_5	SVM	1	1	1	1	1	1	0
shuttle-6_vs_2-3	SVM	1	1	1	1	1	1	0
shuttle-c0-vs-c4	SVM	0.979591837	1	1	1	1	0.995918367	6.66E-05
vehicle0	SVM	0.987654321	0.974358974	0.952380952	0.987654321	0.974358974	0.975281509	0.000166462
vehicle1	SVM	0.775	0.790697674	0.76744186	0.714285714	0.8	0.76948505	0.000892539
vehicle2	SVM	0.977272727	0.965517241	0.988764045	1	1	0.986310803	0.000178973
vehicle3	SVM	0.773333333	0.795454545	0.734177215	0.738095238	0.752941176	0.758800302	0.000524814
vowel0	SVM	1	0.8	0.864864865	1	0.5	0.832972973	0.033754273
winequality-red-3_vs_5	SVM	0	0.4	0.666666667	0	0	0.213333333	0.075377778
page-blocks0	SMOTE-SVM	0.903508772	0.853448276	0.900900901	0.829457364	0.773722628	0.852207588	0.00233637
winequality-red-4	SVM	0.153846154	0.24	0.173913043	0.210526316	0.266666667	0.208990436	0.001712363
winequality-red-8_vs_6-7	SVM	0.285714286	0	0	0.181818182	0	0.093506494	0.014194637
winequality-red-8_vs_6	SVM	0.4	0.222222222	0	0.285714286	0	0.181587302	0.025229126
winequality-white-3-9_vs_5	SVM	0	0.333333333	0.285714286	0.25	0.333333333	0.24047619	0.015442177
winequality-white-3_vs_7	SVM	0.6	0.666666667	0.4	0.4	0.4	0.493333333	0.013511111
wisconsin	SVM	0.936170213	0.949494949	0.969072165	1	0.979166667	0.966780799	0.000499597
pima	SMOTE-SVM	0.654205607	0.666666667	0.653465347	0.752475248	0.730769231	0.69151642	0.001742851
yeast-0-2-5-6_vs_3-7-8-9	SVM	0.772727273	0.842105263	0.4	0.324324324	0.5	0.567831372	0.041854529
ecoli-0-1-4-6_vs_5	cGAN-SVM	1	0.857142857	1	0.666666667	1	0.904761905	0.01723356
yeast-0-2-5-7-9_vs_3-6-8	SVM	0.864864865	0.923076923	0.918918919	0.857142857	0.230769231	0.758954559	0.070472485
yeast-0-3-5-9_vs_7-8	SVM	0.434782609	0.3	0.25	0.823529412	0.571428571	0.475948118	0.042726833
yeast-0-5-6-7-9_vs_4	SVM	0.631578947	0.705882353	0.75	0.428571429	0.451612903	0.593529126	0.017181085
poker-8-9_vs_5	SMOTE-SVM	0.8	0.888888889	0.75	0.909090909	0.769230769	0.823442113	0.004100229
yeast-1-2-8-9_vs_7	SVM	0	0.5	0.6	0.25	0.8	0.43	0.0776
poker-8-9_vs_6	SMOTE-SVM	1	1	1	1	1	1	0
yeast-1-4-5-8_vs_7	SVM	0.25	0.285714286	0.363636364	0	0.5	0.27987013	0.026945522
yeast-1_vs_7	SVM	0.6	0.666666667	0.666666667	0.5	0.5	0.586666667	0.0056
yeast-2_vs_4	SVM	0.8	0.823529412	0.888888889	0.727272727	1	0.847938206	0.008450753
yeast-2_vs_8	SVM	0.888888889	0.666666667	0.666666667	0.4	0.666666667	0.657777778	0.024019753
poker-8_vs_6	SMOTE-SVM	1	1	1	1	1	1	0
poker-9_vs_7	SMOTE-SVM	1	1	1	1	1	1	0
segment0	SMOTE-SVM	0.992481203	1	1	1	1	0.998496241	9.05E-06
shuttle-2_vs_5	SMOTE-SVM	1	1	1	1	1	1	0
shuttle-6_vs_2-3	SMOTE-SVM	1	1	1	1	1	1	0
shuttle-c0-vs-c4	SMOTE-SVM	1	1	1	1	1	1	0
vehicle0	SMOTE-SVM	0.987654321	0.975609756	0.952380952	0.987654321	0.987341772	0.978128225	0.000187129
vehicle1	SMOTE-SVM	0.795180723	0.795454545	0.791666667	0.783505155	0.823529412	0.7978673	0.00018326
ecoli-0-2-3-4_vs_5	SMOTEBoost	1	1	0.727272727	0.571428571	0.421052632	0.743950786	0.053085538
vehicle2	SMOTE-SVM	0.977272727	0.977272727	0.988764045	1	1	0.9886619	0.000103308
vehicle3	SMOTE-SVM	0.820512821	0.781609195	0.756097561	0.732673267	0.75	0.768178569	0.000931259
vowel0	SMOTE-SVM	1	1	1	1	1	1	0
winequality-red-3_vs_5	SMOTE-SVM	0.571428571	0.8	1	0.8	0.8	0.794285714	0.018416327
yeast1	SVM	0.468571429	0.555555556	0.578125	0.430555556	0.614379085	0.529437325	0.004750003
winequality-red-4	SMOTE-SVM	0.37037037	0.709677419	0.448979592	0.782608696	0.444444444	0.551216104	0.026642038
winequality-red-8_vs_6-7	SMOTE-SVM	0.727272727	0.5	0.888888889	0.4	0.5	0.603232323	0.03192058
yeast3	SVM	0.830769231	0.857142857	0.787878788	0.689655172	0.833333333	0.799755876	0.003529154
winequality-red-8_vs_6	SMOTE-SVM	0.888888889	0.666666667	0.8	0.5	0.666666667	0.704444444	0.017560494
yeast4	SVM	0.6	0.555555556	0.625	0.125	0.333333333	0.447777778	0.036695679
ecoli-0-1-4-7_vs_2-3-5-6	cGAN-SVM	0.727272727	0.8	1	0.909090909	0.666666667	0.820606061	0.014568962
yeast5	SVM	0.9	0.736842105	0.777777778	0.8	0.8	0.802923977	0.002888
yeast6	SVM	0.666666667	0.666666667	0.571428571	0.625	0.5	0.605952381	0.004030612
winequality-white-3-9_vs_5	SMOTE-SVM	0.769230769	0.888888889	0.769230769	0.555555556	0.727272727	0.742035742	0.011607558
winequality-white-3_vs_7	SMOTE-SVM	0.666666667	0.888888889	1	1	0.888888889	0.888888889	0.014814815
wisconsin	SMOTE-SVM	0.936170213	0.949494949	0.969072165	1	0.969072165	0.964761898	0.000465889
yeast-0-2-5-6_vs_3-7-8-9	SMOTE-SVM	0.816326531	1	0.6875	0.518518519	0.510638298	0.706596669	0.034452783
yeast-0-2-5-7-9_vs_3-6-8	SMOTE-SVM	0.844444444	0.975609756	0.974358974	0.888888889	0.685714286	0.87380327	0.011388599
yeast-0-3-5-9_vs_7-8	SMOTE-SVM	0.692307692	0.444444444	0.642857143	0.869565217	0.571428571	0.644120614	0.019660713
yeast-0-5-6-7-9_vs_4	SMOTE-SVM	0.8	0.782608696	0.9	0.636363636	0.5	0.723794466	0.01960858
yeast-1-2-8-9_vs_7	SMOTE-SVM	0.666666667	0.6	0.6	0.6	0.666666667	0.626666667	0.001066667
yeast-1-4-5-8_vs_7	SMOTE-SVM	0.571428571	0.666666667	0.6	0.631578947	0.545454545	0.603025746	0.001837486
yeast-1_vs_7	SMOTE-SVM	0.666666667	0.923076923	0.666666667	0.6	0.75	0.721282051	0.012444181
yeast-2_vs_4	SMOTE-SVM	0.916666667	0.9	0.909090909	0.888888889	0.952380952	0.913405483	0.000465822
yeast-2_vs_8	SMOTE-SVM	0.888888889	0.727272727	0.666666667	0.857142857	1	0.827994228	0.014063038
ecoli-0-1-4-7_vs_5-6	cGAN-SVM	0.888888889	1	0.888888889	1	0.4	0.835555556	0.049896296
ecoli-0-1_vs_2-3-5	cGAN-SVM	0.666666667	0.888888889	1	0.888888889	1	0.888888889	0.014814815
yeast1	SMOTE-SVM	0.55483871	0.639053254	0.641975309	0.512562814	0.650306748	0.599747367	0.003100467
yeast3	SMOTE-SVM	0.849315068	0.84375	0.823529412	0.764705882	0.878787879	0.832017648	0.001445445
yeast4	SMOTE-SVM	0.75	0.5625	0.833333333	0.625	0.620689655	0.678304598	0.009749141
yeast5	SMOTE-SVM	0.818181818	0.818181818	0.857142857	1	0.761904762	0.851082251	0.006466146
yeast6	SMOTE-SVM	0.736842105	0.875	0.736842105	0.736842105	0.666666667	0.750438596	0.004617575
ecoli-0-1_vs_5	cGAN-SVM	1	0.857142857	1	0.666666667	1	0.904761905	0.01723356
ecoli-0-2-3-4_vs_5	cGAN-SVM	1	0.857142857	1	0.857142857	0.888888889	0.920634921	0.004333585
ecoli-0-2-6-7_vs_3-5	cGAN-SVM	1	0.75	1	0.75	0.888888889	0.877777778	0.012530864
ecoli-0-3-4-6_vs_5	cGAN-SVM	1	0.857142857	1	0.666666667	0.857142857	0.876190476	0.015056689
ecoli-0-3-4-7_vs_5-6	cGAN-SVM	0.888888889	0.909090909	0.888888889	0.909090909	0.545454545	0.828282828	0.020079584
ecoli-0-3-4_vs_5	cGAN-SVM	1	0.857142857	1	0.857142857	1	0.942857143	0.004897959
ecoli-0-4-6_vs_5	cGAN-SVM	1	0.857142857	1	0.666666667	0.857142857	0.876190476	0.015056689
ecoli-0-6-7_vs_3-5	cGAN-SVM	1	0.75	1	0.857142857	0.888888889	0.899206349	0.008891408
ecoli-0-6-7_vs_5	cGAN-SVM	0.857142857	1	1	0.545454545	0.666666667	0.813852814	0.032975394
ecoli-0_vs_1	cGAN-SVM	0.967741935	1	0.965517241	1	1	0.986651835	0.000267755
ecoli1	cGAN-SVM	0.933333333	0.933333333	0.733333333	0.595744681	0.965517241	0.832252384	0.020783022
ecoli2	cGAN-SVM	0.846153846	0.769230769	0.947368421	0.947368421	0.727272727	0.847478837	0.008105977
ecoli3	cGAN-SVM	0.933333333	0.625	0.875	0.588235294	0.933333333	0.790980392	0.023248616
ecoli4	cGAN-SVM	0.857142857	1	1	0.857142857	0.666666667	0.876190476	0.015056689
glass-0-1-2-3_vs_4-5-6	cGAN-SVM	1	0.75	0.782608696	0.952380952	1	0.89699793	0.011795884
glass-0-1-4-6_vs_2	cGAN-SVM	0.666666667	0.666666667	0.571428571	0.4	0.8	0.620952381	0.017502041
glass-0-1-5_vs_2	cGAN-SVM	0.666666667	0.4	0.571428571	0.4	0.8	0.567619048	0.024003628
glass-0-1-6_vs_2	cGAN-SVM	0.6	0.727272727	0.4	0.4	1	0.625454545	0.050591736
glass-0-1-6_vs_5	cGAN-SVM	1	1	1	0.8	0.25	0.81	0.0844
glass-0-4_vs_5	cGAN-SVM	1	1	1	1	0.5	0.9	0.04
glass-0-6_vs_5	cGAN-SVM	1	1	1	1	1	1	0
glass0	cGAN-SVM	0.727272727	0.764705882	0.875	0.814814815	0.695652174	0.77548912	0.004052792
glass1	cGAN-SVM	0.733333333	0.785714286	0.628571429	0.512820513	0.785714286	0.689230769	0.011072662
glass2	cGAN-SVM	0.545454545	0.75	0.571428571	0.285714286	0	0.430519481	0.068289762
glass4	cGAN-SVM	0.8	1	0.857142857	1	0.5	0.831428571	0.033665306
glass5	cGAN-SVM	1	0.8	1	1	1	0.96	0.0064
glass6	cGAN-SVM	0.8	0.909090909	1	1	0.833333333	0.908484848	0.006833425
haberman	cGAN-SVM	0.258064516	0.5	0.476190476	0.363636364	0.52173913	0.423926097	0.009846222
iris0	cGAN-SVM	1	1	1	1	1	1	0
led7digit-0-2-4-5-6-7-8-9_vs_1	cGAN-SVM	0.7	0.857142857	0.875	0.352941176	0.322580645	0.621532936	0.057485735
new-thyroid1	cGAN-SVM	1	1	1	1	1	1	0
newthyroid2	cGAN-SVM	1	1	1	1	1	1	0
page-blocks-1-3_vs_4	cGAN-SVM	1	1	0.909090909	1	1	0.981818182	0.001322314
page-blocks0	cGAN-SVM	0.847926267	0.812182741	0.776595745	0.793814433	0.779220779	0.801947993	0.000688834
pima	cGAN-SVM	0.647619048	0.685185185	0.660377358	0.745098039	0.701030928	0.687862112	0.00116629
poker-8-9_vs_5	cGAN-SVM	0.266666667	0.25	0.285714286	0	0.25	0.21047619	0.011248526
poker-8-9_vs_6	cGAN-SVM	0.75	0.461538462	0.625	0.181818182	0.428571429	0.489385614	0.037076535
poker-8_vs_6	cGAN-SVM	0.6	0.727272727	0.5	0.4	0.5	0.545454545	0.012264463
poker-9_vs_7	cGAN-SVM	0	0.8	0	1	0.666666667	0.493333333	0.173511111
segment0	cGAN-SVM	0.992481203	1	1	0.992481203	1	0.996992481	1.36E-05
shuttle-2_vs_5	cGAN-SVM	1	1	1	1	1	1	0
shuttle-6_vs_2-3	cGAN-SVM	0.666666667	1	1	1	1	0.933333333	0.017777778
shuttle-c0-vs-c4	cGAN-SVM	0.979591837	1	1	1	1	0.995918367	6.66E-05
vehicle0	cGAN-SVM	0.987654321	0.987341772	0.952380952	0.987654321	0.974358974	0.977878068	0.00018864
vehicle1	cGAN-SVM	0.785714286	0.795454545	0.765957447	0.734693878	0.772727273	0.770909486	0.000432208
vehicle2	cGAN-SVM	0.977272727	0.965517241	0.988764045	1	1	0.986310803	0.000178973
vehicle3	cGAN-SVM	0.725	0.731707317	0.734177215	0.705882353	0.714285714	0.72221052	0.000114117
vowel0	cGAN-SVM	1	0.8	0.842105263	1	0.5	0.828421053	0.033546814
winequality-red-3_vs_5	cGAN-SVM	0	0.666666667	0.5	0.333333333	0	0.3	0.071111111
winequality-red-4	cGAN-SVM	0.263157895	0.153846154	0.064516129	0.315789474	0.166666667	0.192795264	0.00774675
winequality-red-8_vs_6-7	cGAN-SVM	0.181818182	0.24	0.222222222	0.4	0.083333333	0.225474747	0.010558141
winequality-red-8_vs_6	cGAN-SVM	0.333333333	0.285714286	0.25	0.4	0	0.253809524	0.018629478
winequality-white-3-9_vs_5	cGAN-SVM	0.333333333	0.222222222	0.181818182	0.333333333	0.210526316	0.256246677	0.004134464
winequality-white-3_vs_7	cGAN-SVM	0.4	0.857142857	0.3	0.666666667	0.333333333	0.511428571	0.046490703
wisconsin	cGAN-SVM	0.936170213	0.949494949	0.969072165	1	0.979166667	0.966780799	0.000499597
yeast-0-2-5-6_vs_3-7-8-9	cGAN-SVM	0.723404255	0.833333333	0.421052632	0.263157895	0.333333333	0.51485629	0.050004335
yeast-0-2-5-7-9_vs_3-6-8	cGAN-SVM	0.837209302	0.974358974	0.918918919	0.857142857	0.230769231	0.763679857	0.073324101
yeast-0-3-5-9_vs_7-8	cGAN-SVM	0.307692308	0.37037037	0.476190476	0.666666667	0.625	0.489183964	0.019434165
yeast-0-5-6-7-9_vs_4	cGAN-SVM	0.631578947	0.666666667	0.625	0.533333333	0.285714286	0.548458647	0.019200815
yeast-1-2-8-9_vs_7	cGAN-SVM	0.210526316	0.4	0.307692308	0.25	0.533333333	0.340310391	0.013376904
yeast-1-4-5-8_vs_7	cGAN-SVM	0.363636364	0.4	0.25	0.19047619	0.461538462	0.333130203	0.009830335
yeast-1_vs_7	cGAN-SVM	0.545454545	0.666666667	0.533333333	0.615384615	0.347826087	0.54173305	0.011743455
yeast-2_vs_4	cGAN-SVM	0.8	0.842105263	0.888888889	0.727272727	0.952380952	0.842129566	0.005861759
yeast-2_vs_8	cGAN-SVM	0.888888889	0.666666667	0.666666667	0.4	0.666666667	0.657777778	0.024019753
yeast1	cGAN-SVM	0.524822695	0.56	0.610687023	0.477987421	0.607142857	0.556127999	0.002536033
yeast3	cGAN-SVM	0.848484848	0.84375	0.776119403	0.711864407	0.833333333	0.802710398	0.002735478
yeast4	cGAN-SVM	0.380952381	0.526315789	0.555555556	0.19047619	0.461538462	0.422967676	0.017113132
yeast5	cGAN-SVM	0.842105263	0.736842105	0.8	0.8	0.8	0.795789474	0.001134626
yeast6	cGAN-SVM	0.615384615	0.615384615	0.666666667	0.625	0.571428571	0.618772894	0.000919407
cleveland-0_vs_4	SMOTEBoost-SVM	0.4	0.5714285714285715	0.0	0.4	0.3333333333333333	0.34095238095238095	0.03527981859410432
ecoli-0-1-4-6_vs_5	SMOTEBoost-SVM	0.75	0.6666666666666665	0.888888888888889	0.0	0.7272727272727273	0.6065656565656565	0.09727680848892971
ecoli-0-1-4-7_vs_2-3-5-6	SMOTEBoost-SVM	0.6	0.8	0.7692307692307692	0.7692307692307692	0.3846153846153846	0.6646153846153846	0.024558579881656807
ecoli-0-1-4-7_vs_5-6	SMOTEBoost-SVM	0.6666666666666666	0.888888888888889	0.5714285714285715	0.888888888888889	0.17142857142857143	0.6374603174603174	0.06976628873771731
ecoli-0-1_vs_2-3-5	SMOTEBoost-SVM	0.6666666666666665	0.888888888888889	0.8333333333333333	0.6	0.47058823529411764	0.6918954248366013	0.023373847665427827
ecoli-0-1_vs_5	SMOTEBoost-SVM	0.6	0.8571428571428571	0.8	0.5714285714285715	1.0	0.7657142857142858	0.02592653061224489
ecoli-0-2-3-4_vs_5	SMOTEBoost-SVM	0.75	0.75	0.8	0.75	0.6153846153846153	0.7330769230769231	0.0038378698224852117
ecoli-0-2-6-7_vs_3-5	SMOTEBoost-SVM	0.6666666666666665	0.7499999999999999	1.0	0.28571428571428575	0.8	0.7004761904761905	0.055048526077097495
ecoli-0-3-4-6_vs_5	SMOTEBoost-SVM	0.75	0.8571428571428571	0.8	0.6666666666666666	0.5714285714285715	0.7290476190476192	0.01012335600907029
ecoli-0-3-4-7_vs_5-6	SMOTEBoost-SVM	0.8000000000000002	0.888888888888889	0.5714285714285715	0.30303030303030304	0.3333333333333333	0.5793362193362195	0.056288053905369936
ecoli-0-3-4_vs_5	SMOTEBoost-SVM	0.888888888888889	0.8571428571428571	0.8	0.8571428571428571	0.4444444444444445	0.7695238095238095	0.027241521793902747
ecoli-0-4-6_vs_5	SMOTEBoost-SVM	0.888888888888889	0.8571428571428571	0.8	0.6666666666666666	0.4210526315789474	0.7267502088554719	0.029143553397556827
ecoli-0-6-7_vs_3-5	SMOTEBoost-SVM	0.6666666666666665	0.7499999999999999	1.0	0.4285714285714285	0.5454545454545454	0.678138528138528	0.03775585165195555
ecoli-0-6-7_vs_5	SMOTEBoost-SVM	0.75	0.8571428571428571	1.0	0.36363636363636365	0.5714285714285715	0.7084415584415585	0.04930173722381514
ecoli-0_vs_1	SMOTEBoost-SVM	0.9333333333333333	1.0	0.9333333333333333	1.0	0.967741935483871	0.9668817204301074	0.0008890738813735691
ecoli1	SMOTEBoost-SVM	0.9333333333333333	0.9333333333333333	0.5925925925925926	0.5769230769230769	0.7407407407407408	0.7553846153846154	0.024379139779709586
ecoli2	SMOTEBoost-SVM	0.9090909090909091	0.7500000000000001	0.888888888888889	0.8421052631578948	0.45714285714285713	0.76944558365611	0.027391614563472444
ecoli3	SMOTEBoost-SVM	0.7692307692307692	0.42857142857142855	0.6666666666666665	0.588235294117647	0.5	0.5905408317173022	0.014432456356483877
ecoli4	SMOTEBoost-SVM	0.5714285714285715	0.8571428571428571	1.0	0.6666666666666666	0.47058823529411764	0.7131652661064426	0.03681974750684587
glass-0-1-2-3_vs_4-5-6	SMOTEBoost-SVM	0.4705882352941177	0.7499999999999999	0.8000000000000002	0.8695652173913044	0.9523809523809523	0.7685068810132749	0.026822460425661786
glass-0-1-4-6_vs_2	SMOTEBoost-SVM	0.75	0.25	0.3333333333333333	0.5	0.6666666666666666	0.5	0.03611111111111111
glass-0-1-5_vs_2	SMOTEBoost-SVM	0.6666666666666665	0.5	0.36363636363636365	0.5	0.5	0.5060606060606061	0.009237832874196501
glass-0-1-6_vs_2	SMOTEBoost-SVM	0.6666666666666665	0.0	0.4	0.4	0.5	0.39333333333333326	0.04817777777777777
glass-0-1-6_vs_5	SMOTEBoost-SVM	0.0	0.6666666666666666	0.6666666666666666	0.8	0.1111111111111111	0.4488888888888889	0.10674567901234569
glass-0-4_vs_5	SMOTEBoost-SVM	1.0	1.0	1.0	0.8	0.14285714285714288	0.7885714285714285	0.11023673469387754
glass-0-6_vs_5	SMOTEBoost-SVM	1.0	1.0	1.0	0.8	1.0	0.96	0.006399999999999998
glass0	SMOTEBoost-SVM	0.8571428571428571	0.6842105263157894	0.7647058823529412	0.6086956521739131	0.6956521739130435	0.7220814183797089	0.007009495715329642
glass1	SMOTEBoost-SVM	0.717948717948718	0.6486486486486486	0.5294117647058824	0.6153846153846154	0.8000000000000002	0.6622787493375729	0.008420952667659003
glass2	SMOTEBoost-SVM	0.0	0.22222222222222224	0.4	0.5714285714285715	0.5714285714285715	0.3530158730158731	0.047868581506676756
glass4	SMOTEBoost-SVM	0.8	0.8	0.8	0.4	0.0625	0.5725	0.089025
glass5	SMOTEBoost-SVM	0.0	0.8	1.0	1.0	0.1111111111111111	0.5822222222222222	0.19148641975308642
glass6	SMOTEBoost-SVM	0.7272727272727272	0.9090909090909091	0.923076923076923	0.923076923076923	0.7692307692307693	0.8503496503496504	0.007151449948652744
haberman	SMOTEBoost-SVM	0.23529411764705882	0.5945945945945946	0.5294117647058824	0.5142857142857142	0.375	0.44971723824665	0.016613938873362263
iris0	SMOTEBoost-SVM	1.0	1.0	1.0	1.0	1.0	1.0	0.0
led7digit-0-2-4-5-6-7-8-9_vs_1	SMOTEBoost-SVM	0.7000000000000001	0.631578947368421	1.0	0.19354838709677416	0.7272727272727273	0.6504800123475845	0.06793146648458158
new-thyroid1	SMOTEBoost-SVM	1.0	0.9333333333333333	0.923076923076923	1.0	1.0	0.9712820512820514	0.001247600262984879
newthyroid2	SMOTEBoost-SVM	1.0	0.9333333333333333	1.0	0.9333333333333333	0.923076923076923	0.957948717948718	0.0011928994082840243
page-blocks-1-3_vs_4	SMOTEBoost-SVM	1.0	1.0	0.9090909090909091	0.9090909090909091	0.5	0.8636363636363636	0.034710743801652885
page-blocks0	SMOTEBoost-SVM	0.7491166077738515	0.7835051546391752	0.7918781725888324	0.6126126126126126	0.6413793103448274	0.7156983715918599	0.005533579397129407
pima	SMOTEBoost-SVM	0.6481481481481481	0.6166666666666667	0.6548672566371682	0.7102803738317758	0.6371681415929203	0.6534261173753358	0.0009755838623388925
poker-8-9_vs_5	SMOTEBoost-SVM	0.1818181818181818	0.16666666666666666	0.0	0.0	0.0	0.06969696969696969	0.007309458218549125
poker-8-9_vs_6	SMOTEBoost-SVM	0.33333333333333337	0.25	0.0	0.0	0.0	0.11666666666666667	0.021111111111111115
poker-8_vs_6	SMOTEBoost-SVM	0.0	0.0	0.0	0.0	0.0	0.0	0.0
poker-9_vs_7	SMOTEBoost-SVM	0.0	0.6666666666666666	0.6666666666666666	0.0	0.5	0.36666666666666664	0.09333333333333332
segment0	SMOTEBoost-SVM	0.9848484848484849	1.0	0.9924812030075187	0.9924812030075187	0.9767441860465116	0.9893110153820068	6.24387899271344e-05
shuttle-2_vs_5	SMOTEBoost-SVM	1.0	1.0	1.0	1.0	1.0	1.0	0.0
shuttle-6_vs_2-3	SMOTEBoost-SVM	1.0	1.0	1.0	1.0	1.0	1.0	0.0
shuttle-c0-vs-c4	SMOTEBoost-SVM	1.0	1.0	1.0	1.0	1.0	1.0	0.0
vehicle0	SMOTEBoost-SVM	0.9382716049382716	0.9285714285714285	0.8444444444444444	0.9285714285714285	0.9610389610389611	0.9201795735129068	0.0015746934775527591
vehicle1	SMOTEBoost-SVM	0.5454545454545454	0.5909090909090909	0.5306122448979591	0.5360824742268042	0.6105263157894736	0.5627169342555746	0.0010237260532642762
vehicle2	SMOTEBoost-SVM	0.9247311827956989	0.9111111111111111	0.9318181818181818	0.9176470588235294	0.9655172413793104	0.9301649551855663	0.0003603579766304825
vehicle3	SMOTEBoost-SVM	0.5365853658536586	0.5652173913043479	0.6206896551724138	0.4835164835164835	0.5376344086021505	0.5487286608898109	0.0019946866109503397
vowel0	SMOTEBoost-SVM	0.8	0.8717948717948718	0.5714285714285715	0.8	0.8750000000000001	0.7836446886446886	0.012337384105515973
winequality-red-3_vs_5	SMOTEBoost-SVM	0.0	0.0	0.0	0.0	0.0	0.0	0.0
winequality-red-4	SMOTEBoost-SVM	0.14814814814814814	0.2222222222222222	0.08695652173913043	0.14285714285714285	0.18749999999999997	0.15753680699332873	0.0020734423998231616
winequality-red-8_vs_6-7	SMOTEBoost-SVM	0.0	0.0	0.22222222222222224	0.11764705882352941	0.0	0.06797385620915034	0.008024264171899699
winequality-red-8_vs_6	SMOTEBoost-SVM	0.0	0.0	0.28571428571428575	0.18181818181818182	0.0	0.09350649350649351	0.014194636532298873
winequality-white-3-9_vs_5	SMOTEBoost-SVM	0.3076923076923077	0.0909090909090909	0.0	0.14285714285714285	0.28571428571428575	0.16543456543456542	0.013627371629369636
winequality-white-3_vs_7	SMOTEBoost-SVM	0.22222222222222224	0.11764705882352941	0.75	0.3333333333333333	0.5714285714285715	0.3989262371615313	0.05353091127518546
wisconsin	SMOTEBoost-SVM	0.8666666666666666	0.9591836734693877	0.9278350515463918	0.9690721649484536	0.9375000000000001	0.93205151132618	0.0012858650980475382
yeast-0-2-5-6_vs_3-7-8-9	SMOTEBoost-SVM	0.6938775510204082	0.7555555555555556	0.4	0.4285714285714285	0.22641509433962262	0.5008839258974029	0.03856879631230866
yeast-0-2-5-7-9_vs_3-6-8	SMOTEBoost-SVM	0.7346938775510204	0.8837209302325583	0.8571428571428572	0.7894736842105262	0.1	0.6730062698273924	0.08480263114382189
yeast-0-3-5-9_vs_7-8	SMOTEBoost-SVM	0.1904761904761905	0.3125	0.3636363636363636	0.37499999999999994	0.29629629629629634	0.30758177008177007	0.004310520572545581
yeast-0-5-6-7-9_vs_4	SMOTEBoost-SVM	0.6956521739130435	0.4444444444444445	0.6666666666666666	0.28571428571428575	0.25925925925925924	0.47034736599953986	0.03372440975425541
yeast-1-2-8-9_vs_7	SMOTEBoost-SVM	0.16666666666666666	0.1818181818181818	0.3333333333333333	0.2	0.21428571428571427	0.2192207792207792	0.0035152714529337902
yeast-1-4-5-8_vs_7	SMOTEBoost-SVM	0.0	0.1111111111111111	0.2222222222222222	0.1142857142857143	0.14285714285714288	0.1180952380952381	0.0050930713025951115
yeast-1_vs_7	SMOTEBoost-SVM	0.2	0.2222222222222222	0.25	0.4615384615384615	0.30769230769230765	0.2882905982905983	0.008803535685586967
yeast-2_vs_4	SMOTEBoost-SVM	0.761904761904762	0.7272727272727272	0.8571428571428572	0.6666666666666665	0.7272727272727272	0.748051948051948	0.003915968591293276
yeast-2_vs_8	SMOTEBoost-SVM	0.6666666666666666	0.5714285714285715	0.5714285714285715	0.4444444444444445	0.6666666666666666	0.5841269841269842	0.006691861929957163
yeast1	SMOTEBoost-SVM	0.6077348066298343	0.6122448979591837	0.5837837837837838	0.4975609756097561	0.6836734693877552	0.5969995866740626	0.0035845442449558202
yeast3	SMOTEBoost-SVM	0.8405797101449276	0.7887323943661972	0.7941176470588236	0.7272727272727272	0.8524590163934426	0.8006322990472234	0.0019694958954357615
yeast4	SMOTEBoost-SVM	0.5517241379310345	0.24	0.47619047619047616	0.15384615384615385	0.4444444444444445	0.3732410424824218	0.022682403654843197
yeast5	SMOTEBoost-SVM	0.8571428571428571	0.6666666666666666	0.7272727272727274	0.5714285714285714	0.6	0.6845021645021645	0.010375697606866439
yeast6	SMOTEBoost-SVM	0.5263157894736842	0.4615384615384615	0.47058823529411764	0.4545454545454545	0.3529411764705882	0.4531858234644613	0.0031542880552793856
cleveland-0_vs_4	cGANBoost	0.0	0.0	0.0	0.0	0.0	0.0	0.0
ecoli-0-1-4-6_vs_5	cGANBoost	0.0	0.0	0.0	0.0	0.0	0.0	0.0
ecoli-0-1-4-7_vs_2-3-5-6	cGANBoost	0.0	0.0	0.0	0.2857142857142857	0.33333333333333337	0.12380952380952381	0.023219954648526078
ecoli-0-1-4-7_vs_5-6	cGANBoost	0.0	0.0	0.0	0.0	0.0	0.0	0.0
ecoli-0-1_vs_2-3-5	cGANBoost	0.33333333333333337	0.33333333333333337	0.5714285714285715	0.0	0.0	0.24761904761904763	0.04843537414965988
ecoli-0-1_vs_5	cGANBoost	0.6666666666666666	0.6666666666666666	0.4	0.0	0.0	0.3466666666666667	0.08959999999999999
ecoli-0-2-3-4_vs_5	cGANBoost	0.0	0.6666666666666666	0.0	0.0	0.0	0.13333333333333333	0.07111111111111111
ecoli-0-2-6-7_vs_3-5	cGANBoost	0.0	0.33333333333333337	0.0	0.36363636363636365	0.0	0.1393939393939394	0.029237832874196512
ecoli-0-3-4-6_vs_5	cGANBoost	0.0	0.0	0.0	0.0	0.0	0.0	0.0
ecoli-0-3-4-7_vs_5-6	cGANBoost	0.0	0.0	0.0	0.28571428571428575	0.0	0.05714285714285715	0.013061224489795919
ecoli-0-3-4_vs_5	cGANBoost	0.0	0.6666666666666666	0.0	0.0	0.0	0.13333333333333333	0.07111111111111111
ecoli-0-4-6_vs_5	cGANBoost	0.0	0.4	0.0	0.0	0.4285714285714285	0.1657142857142857	0.0412734693877551
ecoli-0-6-7_vs_3-5	cGANBoost	0.0	0.0	0.0	0.2	0.0	0.04	0.0064
ecoli-0-6-7_vs_5	cGANBoost	0.0	0.0	0.0	0.0	0.0	0.0	0.0
ecoli-0_vs_1	cGANBoost	0.9032258064516129	0.9696969696969697	0.9333333333333333	1.0	0.8571428571428571	0.9326797933249547	0.0024952149516767027
ecoli1	cGANBoost	0.5454545454545454	0.11764705882352941	0.4848484848484848	0.5217391304347827	0.3846153846153846	0.4108609208353454	0.024509355565613365
ecoli2	cGANBoost	0.0	0.15384615384615385	0.0	0.0	0.0	0.03076923076923077	0.003786982248520711
ecoli3	cGANBoost	0.0	0.0	0.0	0.6250000000000001	0.5333333333333333	0.2316666666666667	0.08134444444444447
ecoli4	cGANBoost	0.6666666666666666	0.6666666666666666	0.8571428571428571	0.4	0.3333333333333333	0.5847619047619047	0.0369922902494331
glass-0-1-2-3_vs_4-5-6	cGANBoost	0.16666666666666669	0.0	0.4615384615384615	1.0	0.8421052631578948	0.49406207827260457	0.1458900235120137
glass-0-1-4-6_vs_2	cGANBoost	0.0	0.0	0.0	0.0	0.0	0.0	0.0
glass-0-1-5_vs_2	cGANBoost	0.0	0.0	0.0	0.0	0.0	0.0	0.0
glass-0-1-6_vs_2	cGANBoost	0.0	0.0	0.0	0.0	0.0	0.0	0.0
glass-0-1-6_vs_5	cGANBoost	0.0	0.0	0.0	0.0	0.11764705882352941	0.023529411764705882	0.002214532871972318
glass-0-4_vs_5	cGANBoost	0.6666666666666666	0.0	0.0	0.0	0.14285714285714288	0.1619047619047619	0.06675736961451248
glass-0-6_vs_5	cGANBoost	1.0	0.0	0.0	0.6666666666666666	0.11764705882352941	0.35686274509803917	0.16430603613994615
glass0	cGANBoost	0.4571428571428571	0.1	0.23076923076923075	0.25	0.0	0.20758241758241755	0.02385634585195024
glass1	cGANBoost	0.1	0.0	0.0	0.0	0.04878048780487805	0.029756097560975615	0.0015904818560380728
glass2	cGANBoost	0.0	0.0	0.0	0.0	0.0	0.0	0.0
glass4	cGANBoost	0.0	0.0	0.0	0.0	0.0	0.0	0.0
glass5	cGANBoost	0.0	0.0	0.0	0.0	0.25	0.05	0.010000000000000002
glass6	cGANBoost	0.0	0.0	0.0	0.0	0.25	0.05	0.010000000000000002
haberman	cGANBoost	0.1	0.0	0.0	0.0	0.1111111111111111	0.042222222222222223	0.00268641975308642
iris0	cGANBoost	1.0	1.0	1.0	1.0	1.0	1.0	0.0
led7digit-0-2-4-5-6-7-8-9_vs_1	cGANBoost	0.0	0.0	0.0	0.0	0.0	0.0	0.0
new-thyroid1	cGANBoost	0.8750000000000001	0.8571428571428571	0.923076923076923	0.8333333333333333	0.923076923076923	0.8823260073260073	0.0012818835621033419
newthyroid2	cGANBoost	0.923076923076923	1.0	0.9333333333333333	0.8571428571428571	0.7272727272727273	0.8881651681651681	0.008522956940938957
page-blocks-1-3_vs_4	cGANBoost	0.0	0.0	0.2857142857142857	0.0	0.0	0.05714285714285714	0.013061224489795917
page-blocks0	cGANBoost	0.017543859649122806	0.0	0.4444444444444445	0.16	0.22399999999999998	0.16919766081871346	0.0260950818152594
pima	cGANBoost	0.3188405797101449	0.3764705882352941	0.19354838709677416	0.26865671641791045	0.16666666666666669	0.26483658762535806	0.006022503110580783
poker-8-9_vs_5	cGANBoost	0.0	0.0	0.0	0.0	0.0	0.0	0.0
poker-8-9_vs_6	cGANBoost	0.0	0.0	0.0	0.0	0.0	0.0	0.0
poker-8_vs_6	cGANBoost	0.0	0.0	0.0	0.0	0.0	0.0	0.0
poker-9_vs_7	cGANBoost	0.0	0.0	0.0	0.0	0.0	0.0	0.0
segment0	cGANBoost	0.5	0.2631578947368421	0.2857142857142857	0.5376344086021505	0.5057471264367815	0.4184507430980119	0.014042104367841063
shuttle-2_vs_5	cGANBoost	0.7499999999999999	1.0	0.8235294117647058	1.0	0.9473684210526316	0.9041795665634675	0.010100834858955812
shuttle-6_vs_2-3	cGANBoost	0.6666666666666666	1.0	1.0	1.0	1.0	0.9333333333333332	0.017777777777777785
shuttle-c0-vs-c4	cGANBoost	0.9795918367346939	1.0	1.0	1.0	1.0	0.9959183673469388	6.66389004581426e-05
vehicle0	cGANBoost	0.5483870967741935	0.4923076923076923	0.3333333333333333	0.5671641791044776	0.3673469387755102	0.4617078480590414	0.00899093552306107
vehicle1	cGANBoost	0.044444444444444446	0.0	0.0	0.0	0.04545454545454545	0.017979797979797978	0.0004850117334965819
vehicle2	cGANBoost	0.1276595744680851	0.044444444444444446	0.20408163265306123	0.20833333333333334	0.0	0.11690379697978484	0.00699837548360219
vehicle3	cGANBoost	0.0	0.0	0.0	0.21818181818181817	0.0	0.04363636363636363	0.007616528925619833
vowel0	cGANBoost	0.0	0.0	0.19999999999999998	0.2857142857142857	0.0	0.09714285714285713	0.014889795918367343
winequality-red-3_vs_5	cGANBoost	0.0	0.0	0.0	0.0	0.0	0.0	0.0
winequality-red-4	cGANBoost	0.0	0.0	0.0	0.0	0.0	0.0	0.0
winequality-red-8_vs_6-7	cGANBoost	0.0	0.0	0.0	0.18181818181818182	0.0	0.03636363636363636	0.005289256198347107
winequality-red-8_vs_6	cGANBoost	0.0	0.0	0.18181818181818182	0.0	0.0	0.03636363636363636	0.005289256198347107
winequality-white-3-9_vs_5	cGANBoost	0.0	0.0	0.0	0.0	0.0	0.0	0.0
winequality-white-3_vs_7	cGANBoost	0.0	0.0	0.0	0.0	0.0	0.0	0.0
wisconsin	cGANBoost	0.759493670886076	0.9473684210526315	0.9347826086956522	0.9787234042553191	0.945054945054945	0.9130846099889247	0.006113382612080746
yeast-0-2-5-6_vs_3-7-8-9	cGANBoost	0.0	0.0	0.0	0.33333333333333337	0.0	0.06666666666666668	0.017777777777777785
yeast-0-2-5-7-9_vs_3-6-8	cGANBoost	0.0	0.0	0.75	0.6206896551724138	0.0	0.27413793103448275	0.11439952437574316
yeast-0-3-5-9_vs_7-8	cGANBoost	0.26666666666666666	0.0	0.0	0.0	0.0	0.05333333333333333	0.011377777777777775
yeast-0-5-6-7-9_vs_4	cGANBoost	0.4444444444444444	0.0	0.33333333333333337	0.18181818181818182	0.14285714285714288	0.22049062049062046	0.023805484238384668
yeast-1-2-8-9_vs_7	cGANBoost	0.30769230769230765	0.0	0.0	0.0	0.0	0.06153846153846153	0.015147928994082838
yeast-1-4-5-8_vs_7	cGANBoost	0.4444444444444444	0.0	0.0	0.0	0.0	0.08888888888888888	0.03160493827160493
yeast-1_vs_7	cGANBoost	0.0	0.0	0.0	0.4444444444444444	0.0	0.08888888888888888	0.03160493827160493
yeast-2_vs_4	cGANBoost	0.0	0.33333333333333337	0.33333333333333337	0.0	0.5714285714285715	0.24761904761904763	0.04843537414965988
yeast-2_vs_8	cGANBoost	0.75	0.0	0.0	0.0	0.0	0.15	0.09000000000000001
yeast1	cGANBoost	0.0	0.04545454545454545	0.0	0.0851063829787234	0.0	0.02611218568665377	0.0011799961839058096
yeast3	cGANBoost	0.3076923076923077	0.5000000000000001	0.30000000000000004	0.1111111111111111	0.17142857142857143	0.2780463980463981	0.017971798598904836
yeast4	cGANBoost	0.0	0.3636363636363636	0.0	0.0	0.0	0.07272727272727272	0.021157024793388428
yeast5	cGANBoost	0.19999999999999998	0.1818181818181818	0.5555555555555556	0.19999999999999998	0.3333333333333333	0.29414141414141415	0.0200430160187736
yeast6	cGANBoost	0.0	0.0	0.0	0.0	0.0	0.0	0.0
