Breast	SVM	1.0	0.8451542547285166	0.9258200997725514	0.9258200997725514	0.7559289460184544	0.8905446800584148	0.006930172819655639
ecoli	SVM	1.0	0.936585811581694	0.9486832980505138	0.9403246919632545	0.8535639569308375	0.9358315517052599	0.0022142943015970515
glass	SVM	0.7293968086257969	0.7799835794659098	0.7799835794659098	0.7878385971583354	0.9091372900969896	0.7972679709625883	0.0035615305419405712
haberman	SVM	0.517661913037023	0.6313565641625271	0.6324555320336759	0.6892024376045112	0.5845225972250061	0.6110398088125486	0.0032806788437096716
heart	SVM	0.8122328620674136	0.8440971508067066	0.9113482076328211	0.8660254037844387	0.8498365855987975	0.8567080419780355	0.0010513308101605778
iris	SVM	1.0	1.0	0.9486832980505138	0.9746794344808963	0.9746794344808963	0.9796084334024613	0.00036731720677551287
libras	SVM	0.9660917830792959	0.9660917830792959	0.9178041904566052	0.8451542547285166	0.6430659644130345	0.8676415951513496	0.01456821187493183
liver	SVM	0.7071067811865476	0.7058865787567897	0.7628214415734117	0.7058865787567897	0.7656414934887765	0.729468574752463	0.0008066329313688797
segment	SVM	0.9987365756167877	0.9731236802019038	0.9757740446568024	0.9077220333716598	0.7886068896771579	0.9287926447048622	0.005832132539147749
Vehicle	SVM	0.9883941910609738	1.0	0.9874208829065749	0.9883036912035246	0.9832628356726936	0.9894763201687533	3.1225222241622315e-05
wine	SVM	0.9309493362512627	0.9770084209183945	1.0	1.0	1.0	0.9815915514339315	0.000720450395951788
yeast	SVM	0.7949396496358656	0.7009202512456548	0.7596074540975473	0.5467641620946355	0.43452409462674085	0.6473511223400888	0.018533317855479313
Breast	SMOTE-SVM	0.9013878188659974	0.8921425711997711	0.9258200997725514	1.0	0.8451542547285166	0.9129009489133674	0.002581245228175575
ecoli	SMOTE-SVM	1.0	0.936585811581694	0.9486832980505138	0.9403246919632545	0.9141741003300661	0.9479535803851057	0.0008075683323021117
glass	SMOTE-SVM	0.7591802683177137	0.7894002212817057	0.7688517444384895	0.909717652294684	0.9091372900969896	0.8272574352859167	0.00459657841019157
haberman	SMOTE-SVM	0.5670702138633102	0.6497862896539309	0.82915619758885	0.7359800721939872	0.698212002188447	0.6960409550977051	0.007618492094648352
heart	SMOTE-SVM	0.7993052538854533	0.8440971508067066	0.9113482076328211	0.8498365855987975	0.8440971508067066	0.8497368697460969	0.001280585527437907
iris	SMOTE-SVM	1.0	1.0	1.0	0.9746794344808963	0.9486832980505138	0.984672546506282	0.0004199761568338376
libras	SMOTE-SVM	0.982607368881035	0.9660917830792959	0.955280888720527	0.9636241116594315	1.0	0.9735208304680579	0.0002539085725333302
liver	SMOTE-SVM	0.7046642634176442	0.7046642634176442	0.7191949522280762	0.7058865787567897	0.7656414934887765	0.7200103102617861	0.0005506703581057459
segment	SMOTE-SVM	0.9987365756167877	0.9785149883837153	1.0	0.9422610206506736	0.9237455196773443	0.9686516208657041	0.0009396266198332885
Vehicle	SMOTE-SVM	0.9844951849708404	1.0	0.9874208829065749	1.0	0.9883036912035246	0.992043951816188	4.3788720377073506e-05
wine	SMOTE-SVM	0.9309493362512627	0.9770084209183945	1.0	1.0	1.0	0.9815915514339315	0.000720450395951788
yeast	SMOTE-SVM	0.9451206739750431	0.932009181812378	0.9877295966495896	0.9386793281621159	0.9336371466893987	0.947435185457705	0.0004268018072004191
Breast	SMOTEBoost	0.42257712736425834	0.5345224838248488	0.7142857142857143	0.7559289460184544	0.6546536707079771	0.6163935884402505	0.014956903313424436
ecoli	SMOTEBoost	0.8929995329613664	0.8929995329613664	0.9318911162960933	0.8885233166386385	0.7916979943676213	0.8796222986450172	0.002179968299707466
glass	SMOTEBoost	0.7688517444384895	0.7688517444384895	0.6695340634119862	0.6198680933892068	0.6546536707079771	0.6963518632772298	0.0037640332492464698
haberman	SMOTEBoost	0.24253562503633297	0.14907119849998599	0.0	0.0	0.6519202405202649	0.20870541281131674	0.05765120099005525
heart	SMOTEBoost	0.7993052538854533	0.8383184226639528	0.8936504412303007	0.7444237144709097	0.8366600265340756	0.8224715717569385	0.00242940254056019
iris	SMOTEBoost	0.9486832980505138	0.9486832980505138	0.8717797887081347	0.9246621004453465	0.9746794344808963	0.933697583947081	0.001208821731383566
libras	SMOTEBoost	0.40542300883392646	0.7350033231608353	0.8674462831710054	0.6420908827840386	0.5697029081098077	0.6439332812119226	0.024130501467601963
liver	SMOTEBoost	0.5708432963305404	0.6695340634119862	0.34740416688982567	0.6172799063298762	0.6351757834348449	0.5680474432794147	0.013184171149237426
segment	SMOTEBoost	0.9795896894087645	0.9382935882055173	0.9466969304129278	0.8257228238447705	0.8812878060672021	0.9143181675878365	0.002964743270366787
Vehicle	SMOTEBoost	0.9567573440452993	0.9883941910609738	0.9843740386976972	0.9187959765430125	0.9433359566411266	0.9583315013976218	0.0006744762236528372
wine	SMOTEBoost	0.9309493362512627	0.8470728820665123	0.9258200997725514	1.0	1.0	0.9407684636180653	0.0032230961301031964
yeast	SMOTEBoost	0.7919455160226819	0.7614400441049516	0.6533217188282378	0.6611073566849314	0.7006490497453707	0.7136927370772347	0.0029966645191438967
Breast	cGAN-SVM	0.7905694150420949	0.8017837257372732	0.9258200997725514	0.9258200997725514	0.7559289460184544	0.8399844572685851	0.00514039726148629
ecoli	cGAN-SVM	1.0	0.936585811581694	0.9486832980505138	0.9403246919632545	0.8618916073713346	0.9374970817933594	0.0019513519547497665
glass	cGAN-SVM	0.7847060257179306	0.772048646977956	0.7878385971583353	0.8552935715858381	0.9091372900969896	0.8218048263074099	0.0027508316802263735
haberman	cGAN-SVM	0.4796512894563343	0.67700320038633	0.6831300510639733	0.7264831572567789	0.6892024376045112	0.6510940271535856	0.007645195255906447
heart	cGAN-SVM	0.8122328620674136	0.8440971508067066	0.9249624617007739	0.8660254037844387	0.8498365855987975	0.8594308927916261	0.0013785405153885727
iris	cGAN-SVM	1.0	1.0	1.0	0.9486832980505138	0.9486832980505138	0.9794733192202056	0.0006320169357533769
libras	cGAN-SVM	0.9660917830792959	0.9660917830792959	0.9178041904566052	0.8864052604279183	0.6371930928643098	0.8747172219814849	0.015021885967921794
liver	cGAN-SVM	0.7582875444051551	0.7179952934242051	0.7542980294561158	0.7571498280188443	0.767890078340509	0.7511241547289659	0.0002952628033862214
segment	cGAN-SVM	0.9987365756167877	0.9731236802019038	0.9757740446568024	0.9077220333716598	0.7875873586889106	0.9285887385072129	0.005889468338642142
Vehicle	cGAN-SVM	0.9844951849708404	1.0	0.9874208829065749	0.9922177805456863	0.9832628356726936	0.9894793368191589	3.718146329387929e-05
wine	cGAN-SVM	0.9660917830792959	0.9770084209183945	1.0	1.0	1.0	0.988620040799538	0.0002061725052772711
yeast	cGAN-SVM	0.668301237607353	0.6934235624304945	0.7009202512456548	0.6246677438525141	0.5311947215172907	0.6437015033306615	0.00387429503088881
Breast	cGANBoost	0.36596252735569995	0.7559289460184544	0.6388765649999399	0.6546536707079771	0.7559289460184544	0.6342701310201052	0.02040548252839166
ecoli	cGANBoost	0.936585811581694	0.91068440883985	0.8944271909999159	0.9147907439754503	0.8139410298049853	0.894085837040379	0.0017867520484617378
glass	cGANBoost	0.5157614295551275	0.6822882392210131	0.6930335969507273	0.6017216678143155	0.6813851438692469	0.6348380154820861	0.004616162079062267
haberman	cGANBoost	0.0	0.5527707983925666	0.6146362971528592	0.0	0.0	0.23348141910908513	0.08215309359747439
heart	cGANBoost	0.7369230323144715	0.8366600265340756	0.8366600265340756	0.6871842709362768	0.8440971508067066	0.7883049014251211	0.004130937944685524
iris	cGANBoost	1.0	1.0	0.9746794344808963	0.7745966692414834	0.7071067811865476	0.8912765769817854	0.01562606332363145
libras	cGANBoost	0.6214554662658653	0.6045802191432584	0.6546536707079771	0.5056076519835918	0.468292905790847	0.570917982778308	0.005099238912519481
liver	cGANBoost	0.5930633506894811	0.4110541536602924	0.3107277331329328	0.5708432963305404	0.4404151646360276	0.46522073968985483	0.010983456465872562
segment	cGANBoost	0.9797459113520922	0.9392717418078103	0.8961195807649239	0.8369755117960078	0.8395999455481356	0.898342538253794	0.0031046509058795337
Vehicle	cGANBoost	0.9486832980505138	0.9844951849708404	0.924473451641905	0.9517425878294887	0.9638671860250074	0.9546523417035511	0.0003860740410474163
wine	cGANBoost	0.816496580927726	0.8716308047219647	1.0	0.9759000729485332	0.9165893597581027	0.9161233636712653	0.004502769177576025
yeast	cGANBoost	0.30098560512883915	0.44251419788636215	0.44487010201350374	0.3151201347116673	0.4393256115991794	0.38856313026791034	0.004344343756199247
