cleveland-0_vs_4	SVM	0.816496581	0.804030252	1	0.707106781	0.984250984	0.86237692	0.012682311
ecoli-0-1-4-6_vs_5	SVM	1	0.866025404	1	0.707106781	1	0.914626437	0.013458481
ecoli-0-1-4-7_vs_2-3-5-6	SVM	0.707106781	0.912870929	1	0.912870929	0.949546915	0.896479111	0.009986406
cleveland-0_vs_4	SMOTE-SVM	1	1	1	1	1	1	0
ecoli-0-1-4-7_vs_5-6	SVM	0.894427191	1	0.887065525	1	0.958140275	0.947926598	0.002418771
ecoli-0-1-4-6_vs_5	SMOTE-SVM	1	0.980580676	1	1	1	0.996116135	6.03E-05
ecoli-0-1_vs_2-3-5	SVM	0.765743845	0.894427191	1	0.88420483	1	0.908875173	0.007582283
ecoli-0-1-4-7_vs_2-3-5-6	SMOTE-SVM	0.816496581	1	1	1	0.991769407	0.961653198	0.005277772
ecoli-0-1_vs_5	SVM	1	0.866025404	1	0.707106781	1	0.914626437	0.013458481
ecoli-0-2-3-4_vs_5	SVM	0.866025404	0.866025404	1	0.707106781	0.957427108	0.879316939	0.010135054
ecoli-0-1-4-7_vs_5-6	SMOTE-SVM	1	0.894427191	0.894427191	1	0.958140275	0.949398931	0.002248226
ecoli-0-2-6-7_vs_3-5	SVM	0.894427191	0.774596669	1	0.832916562	1	0.900388085	0.008051297
ecoli-0-1_vs_2-3-5	SMOTE-SVM	0.774596669	0.894427191	1	0.88420483	1	0.910645738	0.007087976
ecoli-0-3-4-6_vs_5	SVM	1	0.866025404	1	0.707106781	0.958602587	0.906346954	0.012318982
ecoli-0-1_vs_5	SMOTE-SVM	1	1	1	1	1	1	0
ecoli-0-3-4-7_vs_5-6	SVM	0.894427191	0.989304505	0.894427191	1	0.98907071	0.953445919	0.002337733
ecoli-0-2-3-4_vs_5	SMOTE-SVM	1	0.866025404	1	0.866025404	1	0.946410162	0.004307806
ecoli-0-3-4_vs_5	SVM	1	0.866025404	1	0.707106781	0.927960727	0.900218582	0.011828726
ecoli-0-2-6-7_vs_3-5	SMOTE-SVM	0.894427191	1	1	0.961769203	0.974679434	0.966175166	0.001505549
ecoli-0-4-6_vs_5	SVM	1	0.866025404	1	0.707106781	0.927960727	0.900218582	0.011828726
ecoli-0-6-7_vs_3-5	SVM	0.894427191	0.774596669	1	0.832916562	1	0.900388085	0.008051297
ecoli-0-3-4-6_vs_5	SMOTE-SVM	1	1	1	1	1	1	0
ecoli-0-6-7_vs_5	SVM	0.866025404	0.866025404	1	0.707106781	1	0.887831518	0.011755196
ecoli-0-3-4-7_vs_5-6	SMOTE-SVM	0.894427191	0.989304505	1	1	0.955533086	0.967852956	0.001614031
ecoli-0_vs_1	SVM	0.968245837	1	0.966091783	1	1	0.986867524	0.000259157
ecoli-0-3-4_vs_5	SMOTE-SVM	1	1	1	1	0.971825316	0.994365063	0.00012701
ecoli-0-4-6_vs_5	SMOTE-SVM	1	0.866025404	1	0.866025404	0.971825316	0.940775225	0.003830866
ecoli1	SVM	0.935414347	0.926376315	0.839719123	0.836660027	0.966091783	0.900852319	0.002792023
ecoli-0-6-7_vs_3-5	SMOTE-SVM	1	1	1	1	0.974679434	0.994935887	0.000102581
ecoli-0-6-7_vs_5	SMOTE-SVM	1	0.866025404	1	0.866025404	0.974679434	0.941346048	0.003867617
ecoli2	SVM	1	0.936585812	0.948683298	0.940324692	0.853563957	0.935831552	0.002214294
ecoli-0_vs_1	SMOTE-SVM	0.968245837	1	0.966091783	1	1	0.986867524	0.000259157
ecoli3	SVM	0.845154255	0.730296743	0.845154255	0.643650304	0.991631652	0.811177442	0.01389592
ecoli4	SVM	0.866025404	0.866025404	1	0.866025404	0.959497223	0.911514687	0.00326796
glass-0-1-2-3_vs_4-5-6	SVM	0.890723543	0.632455532	0.904534034	0.984250984	1	0.882392819	0.017446963
ecoli1	SMOTE-SVM	0.935414347	0.968245837	0.841244499	0.843527392	0.980196059	0.913725627	0.003608496
glass-0-1-4-6_vs_2	SVM	0.854554362	0.973328527	0.794719414	0.747367753	0.816496581	0.837293327	0.005827034
ecoli2	SMOTE-SVM	1	0.936585812	0.948683298	0.940324692	0.905341293	0.946187019	0.000939398
glass-0-1-5_vs_2	SVM	0.823054892	0.866025404	0.775983594	0.803219329	0.950381927	0.843733029	0.003705974
glass-0-1-6_vs_2	SVM	0.828078671	0.956182887	0.804747816	0.768424486	0.816496581	0.834786088	0.004084568
ecoli3	SMOTE-SVM	0.991769407	0.816496581	0.991631652	0.894427191	0.991631652	0.937191297	0.005060452
glass-0-1-6_vs_5	SVM	0	1	1	0.985610761	0.736788398	0.744479832	0.148606923
glass-0-4_vs_5	SVM	1	1	1	1	1	1	0
ecoli4	SMOTE-SVM	0.866025404	1	1	1	0.934353184	0.960075718	0.002857791
glass-0-6_vs_5	SVM	1	1	1	1	1	1	0
glass-0-1-2-3_vs_4-5-6	SMOTE-SVM	1	0.948683298	0.889330698	0.984250984	0.984250984	0.961303193	0.001577989
glass0	SVM	0.789400221	0.82000841	0.909717652	0.876625865	0.787335989	0.836617627	0.00237566
glass-0-1-4-6_vs_2	SMOTE-SVM	0.986754382	0.973328527	0.986754382	0.986393924	1	0.986646243	7.12E-05
glass-0-1-5_vs_2	SMOTE-SVM	1	1	0.775983594	0.967204152	0.967204152	0.942078379	0.007111983
glass1	SVM	0.798994904	0.828078671	0.705421185	0.570899226	0.824022054	0.745483208	0.009587679
glass-0-1-6_vs_2	SMOTE-SVM	0.853563957	0.971008312	1	0.956182887	1	0.956151031	0.002918062
glass2	SVM	0.810092587	0.832916562	0.8059607	0.569900276	0	0.603774025	0.100328721
glass-0-1-6_vs_5	SMOTE-SVM	1	1	1	1	0.985610761	0.997122152	3.31E-05
glass4	SVM	0.816496581	1	0.987420883	1	0.698212002	0.900425893	0.015066544
glass-0-4_vs_5	SMOTE-SVM	1	1	1	1	1	1	0
glass5	SVM	0.707106781	0.987729597	1	1	0.826393871	0.90424605	0.014046399
glass-0-6_vs_5	SMOTE-SVM	1	1	1	1	1	1	0
glass6	SVM	0.816496581	0.912870929	1	0.986393924	0.972597525	0.937671792	0.004555395
glass0	SMOTE-SVM	0.806378512	0.82000841	0.909717652	0.893325001	0.870432686	0.859972452	0.001633166
glass1	SMOTE-SVM	0.783478963	0.879664438	0.736788398	0.616641641	0.843274043	0.771969497	0.008435892
glass2	SMOTE-SVM	0.961769203	0.961769203	0.987096234	0.8059607	0.987096234	0.940738315	0.004669543
glass4	SMOTE-SVM	1	1	0.987420883	1	0.741619849	0.945808146	0.01044695
glass5	SMOTE-SVM	1	1	0.987729597	1	0.97530483	0.992606885	9.74E-05
glass6	SMOTE-SVM	0.912870929	1	1	1	0.972597525	0.977093691	0.001143775
haberman	SVM	0.396059017	0.5986095	0.605530071	0.570087713	0.605530071	0.555163274	0.006499621
iris0	SVM	1	1	1	1	1	1	0
led7digit-0-2-4-5-6-7-8-9_vs_1	SVM	0.935414347	0.866025404	1	0.722527408	0.845154255	0.873824283	0.008697437
new-thyroid1	SVM	1	1	1	1	0.986013297	0.997202659	3.13E-05
newthyroid2	SVM	1	1	1	1	1	1	0
page-blocks-1-3_vs_4	SVM	1	1	1	1	1	1	0
haberman	SMOTE-SVM	0.541119633	0.707106781	0.707106781	0.689202438	0.699205899	0.668748306	0.004115572
iris0	SMOTE-SVM	1	1	1	1	1	1	0
led7digit-0-2-4-5-6-7-8-9_vs_1	SMOTE-SVM	0.935414347	0.866025404	1	0.8078102	0.845154255	0.890880841	0.004699934
new-thyroid1	SMOTE-SVM	1	1	1	1	0.986013297	0.997202659	3.13E-05
newthyroid2	SMOTE-SVM	1	1	1	1	1	1	0
page-blocks-1-3_vs_4	SMOTE-SVM	1	1	1	1	0.994301948	0.99886039	5.19E-06
page-blocks0	SVM	0.900314015	0.843002089	0.806099585	0.883837185	0.923189005	0.871288376	0.001748666
cleveland-0_vs_4	cGAN-SVM	0.816496581	0.953462589	0.969223369	0.707106781	1	0.889257864	0.012250754
pima	SVM	0.729154762	0.735854253	0.694422222	0.772401303	0.766639321	0.739694372	0.000794234
poker-8-9_vs_5	SVM	0.446121497	0.445574444	0.44666788	0	0	0.267672764	0.047765925
poker-8-9_vs_6	SVM	0.894427191	0.894427191	1	0.774596669	1	0.91269021	0.00699658
poker-8_vs_6	SVM	1	1	1	1	1	1	0
poker-9_vs_7	SVM	0.707106781	1	0	1	1	0.741421356	0.150294373
segment0	SVM	0.998736576	1	1	0.998736576	1	0.99949463	3.83E-07
shuttle-2_vs_5	SVM	1	1	1	1	1	1	0
shuttle-6_vs_2-3	SVM	1	1	1	1	1	1	0
shuttle-c0-vs-c4	SVM	0.979795897	1	1	1	1	0.995959179	6.53E-05
vehicle0	SVM	0.996146421	0.979795897	0.984374039	0.99611649	0.983262836	0.987939137	4.70E-05
vehicle1	SVM	0.82254927	0.85068515	0.850596386	0.827498956	0.873804832	0.845026919	0.000340735
vehicle2	SVM	0.984640338	0.976731452	0.996023841	1	1	0.991479126	8.60E-05
vehicle3	SVM	0.8114724	0.865946108	0.804351681	0.821075958	0.833900034	0.827349236	0.000470589
vowel0	SVM	1	0.879288433	0.934919287	1	0.577350269	0.878311598	0.024679848
winequality-red-3_vs_5	SVM	0	0.70188821	0.707106781	0	0	0.281798998	0.119118736
page-blocks0	SMOTE-SVM	0.967771987	0.930077981	0.940092634	0.96805801	0.952669763	0.951734075	0.000225814
winequality-red-4	SVM	0.498972551	0.512853327	0.419444988	0.442119051	0.615863642	0.497850712	0.004681373
winequality-red-8_vs_6-7	SVM	0.497014899	0	0	0.565120587	0	0.212427097	0.068151746
winequality-red-8_vs_6	SVM	0.5	0.492125492	0	0.787034035	0	0.355831905	0.09570567
winequality-white-3-9_vs_5	SVM	0	0.447213595	0.624802374	0.445674129	0.447213595	0.392980739	0.043366826
winequality-white-3_vs_7	SVM	0.858612782	0.707106781	0.5	0.5	0.5	0.613143913	0.021497724
wisconsin	SVM	0.946608375	0.967036285	0.978347035	1	0.988571053	0.97611255	0.000336738
pima	SMOTE-SVM	0.729027765	0.737864787	0.724952106	0.803295101	0.790867687	0.757201489	0.001093145
yeast-0-2-5-6_vs_3-7-8-9	SVM	0.903950813	0.903950813	0.578386019	0.530818195	0.802003887	0.743821945	0.025481458
ecoli-0-1-4-6_vs_5	cGAN-SVM	1	0.866025404	1	0.707106781	1	0.914626437	0.013458481
yeast-0-2-5-7-9_vs_3-6-8	SVM	0.935488173	0.946058996	0.921954446	0.866025404	0.392944462	0.812494296	0.044767238
yeast-0-3-5-9_vs_7-8	SVM	0.675663925	0.554700196	0.437274275	0.836660027	0.632455532	0.627350791	0.017515553
yeast-0-5-6-7-9_vs_4	SVM	0.730815236	0.810092587	0.823343632	0.544832181	0.778662821	0.737549292	0.010299751
poker-8-9_vs_5	SMOTE-SVM	0.991426664	0.991426664	0.995109995	0.998779743	0.996334746	0.994615562	8.18E-06
yeast-1-2-8-9_vs_7	SVM	0	0.697433182	0.705172149	0.40713133	0.816496581	0.525246648	0.087336636
poker-8-9_vs_6	SMOTE-SVM	1	1	1	1	1	1	0
yeast-1-4-5-8_vs_7	SVM	0.406710627	0.660371279	0.570801661	0	0.699025295	0.467381772	0.064745211
yeast-1_vs_7	SVM	0.702983674	0.707106781	0.707106781	0.577350269	0.577350269	0.654379555	0.003957941
yeast-2_vs_4	SVM	0.848205512	0.928057284	0.938426961	0.87476705	1	0.917891361	0.002796542
yeast-2_vs_8	SVM	0.994609125	0.707106781	0.707106781	0.5	0.707106781	0.723185894	0.024851625
poker-8_vs_6	SMOTE-SVM	1	1	1	1	1	1	0
poker-9_vs_7	SMOTE-SVM	1	1	1	1	1	1	0
segment0	SMOTE-SVM	0.998736576	1	1	1	1	0.999747315	2.55E-07
shuttle-2_vs_5	SMOTE-SVM	1	1	1	1	1	1	0
shuttle-6_vs_2-3	SMOTE-SVM	1	1	1	1	1	1	0
shuttle-c0-vs-c4	SMOTE-SVM	1	1	1	1	1	1	0
vehicle0	SMOTE-SVM	0.996146421	0.992277877	0.984374039	0.99611649	0.99611649	0.993006263	2.09E-05
vehicle1	SMOTE-SVM	0.847072882	0.876171654	0.88233557	0.878352093	0.889839285	0.874754297	0.000213249
vehicle2	SMOTE-SVM	0.984640338	0.98802352	0.996023841	1	1	0.99373754	3.98E-05
vehicle3	SMOTE-SVM	0.85241237	0.86308662	0.8418203	0.853432163	0.857142857	0.853578862	4.85E-05
vowel0	SMOTE-SVM	1	1	1	1	1	1	0
winequality-red-3_vs_5	SMOTE-SVM	0.98899049	0.996316746	1	0.996316746	0.996316746	0.995588146	1.29E-05
yeast1	SVM	0.606869452	0.652256171	0.648102981	0.565163017	0.705626754	0.635603675	0.002224862
winequality-red-4	SMOTE-SVM	0.901286145	0.985329278	0.955312179	0.982039355	0.958693826	0.956532157	0.000907635
winequality-red-8_vs_6-7	SMOTE-SVM	0.991031209	0.975900073	0.997001493	0.969597731	0.981871609	0.983080423	9.84E-05
yeast3	SVM	0.895960058	0.899379952	0.875778546	0.813300887	0.878847062	0.872653301	0.000965672
winequality-red-8_vs_6	SMOTE-SVM	0.996086091	0.984250984	0.992156742	0.972050354	0.98811839	0.986532512	6.81E-05
yeast4	SVM	0.734678794	0.703401393	0.765092056	0.313451349	0.53806179	0.610937076	0.028286797
ecoli-0-1-4-7_vs_2-3-5-6	cGAN-SVM	0.809885164	0.816496581	1	0.912870929	0.958140275	0.89947859	0.00572762
yeast5	SVM	0.996521729	0.877311761	0.878849557	0.878849557	0.993031274	0.924912775	0.003255494
yeast6	SVM	0.754624495	0.754624495	0.752008804	0.839305366	0.6523845	0.750589532	0.003509861
winequality-white-3-9_vs_5	SMOTE-SVM	0.994849751	0.987940989	0.994832007	0.986158502	0.989637026	0.990683655	1.27E-05
winequality-white-3_vs_7	SMOTE-SVM	0.988571053	0.997155044	1	1	0.997155044	0.996576228	1.76E-05
wisconsin	SMOTE-SVM	0.946608375	0.967036285	0.978347035	1	0.982806741	0.974959687	0.000313329
yeast-0-2-5-6_vs_3-7-8-9	SMOTE-SVM	0.974821134	1	0.815593876	0.755641764	0.79178686	0.867568727	0.010002608
yeast-0-2-5-7-9_vs_3-6-8	SMOTE-SVM	0.95838838	0.997233743	0.980472318	0.894427191	0.83921064	0.933946454	0.003460798
yeast-0-3-5-9_vs_7-8	SMOTE-SVM	0.911878138	0.807927752	0.900549283	0.983378344	0.730798149	0.866906333	0.00774479
yeast-0-5-6-7-9_vs_4	SMOTE-SVM	0.933387444	0.928708781	0.943677019	0.897364562	0.859620479	0.912551657	0.000939266
yeast-1-2-8-9_vs_7	SMOTE-SVM	0.902893898	0.975236872	0.977897823	0.977897823	0.960987652	0.958982814	0.000825947
yeast-1-4-5-8_vs_7	SMOTE-SVM	0.961671477	0.899038751	0.953820966	0.97312368	0.961375278	0.949806031	0.000682357
yeast-1_vs_7	SMOTE-SVM	0.880450906	0.994169047	0.958438653	0.880450906	0.97618706	0.937939314	0.002330946
yeast-2_vs_4	SMOTE-SVM	0.989188872	0.978258272	0.989188872	0.894427191	0.994550368	0.969122715	0.001422949
yeast-2_vs_8	SMOTE-SVM	0.994609125	0.983738754	0.978019294	0.866025404	1	0.964478515	0.002483391
ecoli-0-1-4-7_vs_5-6	cGAN-SVM	0.894427191	1	0.894427191	1	0.86838837	0.93144855	0.00322327
ecoli-0-1_vs_2-3-5	cGAN-SVM	0.765743845	0.894427191	1	0.894427191	1	0.910919645	0.007498127
yeast1	SMOTE-SVM	0.662234061	0.735939512	0.735939512	0.647124391	0.741384866	0.704524468	0.001683149
yeast3	SMOTE-SVM	0.969341344	0.92597949	0.935230264	0.89743954	0.942913662	0.93418086	0.000546162
yeast4	SMOTE-SVM	0.94344344	0.926948461	0.993006907	0.978796178	0.931950357	0.954829069	0.000692473
yeast5	SMOTE-SVM	0.993031274	0.993031274	0.994778032	1	0.991281438	0.994424404	8.99E-06
yeast6	SMOTE-SVM	0.991341828	0.996545758	0.991341828	0.991341828	0.987815037	0.991677256	7.79E-06
ecoli-0-1_vs_5	cGAN-SVM	1	0.866025404	1	0.707106781	1	0.914626437	0.013458481
ecoli-0-2-3-4_vs_5	cGAN-SVM	1	0.866025404	1	0.866025404	0.986013297	0.943612821	0.004039289
ecoli-0-2-6-7_vs_3-5	cGAN-SVM	1	0.774596669	1	0.855131569	0.987420883	0.923429824	0.00852736
ecoli-0-3-4-6_vs_5	cGAN-SVM	1	0.866025404	1	0.707106781	0.958602587	0.906346954	0.012318982
ecoli-0-3-4-7_vs_5-6	cGAN-SVM	0.894427191	0.989304505	0.894427191	0.98907071	0.748912255	0.90322837	0.007749279
ecoli-0-3-4_vs_5	cGAN-SVM	1	0.866025404	1	0.866025404	1	0.946410162	0.004307806
ecoli-0-4-6_vs_5	cGAN-SVM	1	0.866025404	1	0.707106781	0.957427108	0.906111859	0.012294633
ecoli-0-6-7_vs_3-5	cGAN-SVM	1	0.774596669	1	0.866025404	0.987420883	0.925608591	0.008248736
ecoli-0-6-7_vs_5	cGAN-SVM	0.866025404	1	1	0.821583836	0.948683298	0.927258508	0.00519166
ecoli-0_vs_1	cGAN-SVM	0.968245837	1	0.966091783	1	1	0.986867524	0.000259157
ecoli1	cGAN-SVM	0.935414347	0.935414347	0.822753351	0.7811891	0.966091783	0.888172586	0.005252022
ecoli2	cGAN-SVM	0.964274111	0.910684409	0.948683298	0.948683298	0.887411967	0.931947417	0.000808143
ecoli3	cGAN-SVM	0.991769407	0.816496581	0.98319208	0.809173594	0.991631652	0.918452663	0.007451732
ecoli4	cGAN-SVM	0.866025404	1	1	0.866025404	0.967733402	0.939956842	0.003782723
glass-0-1-2-3_vs_4-5-6	cGAN-SVM	1	0.774596669	0.889330698	0.984250984	1	0.92963567	0.007709339
glass-0-1-4-6_vs_2	cGAN-SVM	0.84292723	0.945905303	0.794719414	0.759326397	0.816496581	0.831874985	0.004001079
glass-0-1-5_vs_2	cGAN-SVM	0.837623366	0.5	0.789718883	0.567961834	0.816496581	0.702360133	0.01959347
glass-0-1-6_vs_2	cGAN-SVM	0.828078671	0.956182887	0.569042638	0.755928946	1	0.821846629	0.023615738
glass-0-1-6_vs_5	cGAN-SVM	1	1	1	0.985610761	0.91025899	0.97917395	0.001218375
glass-0-4_vs_5	cGAN-SVM	1	1	1	1	0.935414347	0.987082869	0.000667409
glass-0-6_vs_5	cGAN-SVM	1	1	1	1	1	1	0
glass0	cGAN-SVM	0.806378512	0.839305366	0.928476691	0.855293572	0.742307489	0.834352326	0.00371545
glass1	cGAN-SVM	0.783478963	0.825198389	0.705421185	0.566557724	0.824022054	0.740935663	0.009496486
glass2	cGAN-SVM	0.821583836	0.961769203	0.795285252	0.554700196	0	0.626667698	0.115321785
glass4	cGAN-SVM	0.816496581	1	0.987420883	1	0.698212002	0.900425893	0.015066544
glass5	cGAN-SVM	1	0.987729597	1	1	1	0.997545919	2.41E-05
glass6	cGAN-SVM	0.816496581	0.912870929	1	1	0.972597525	0.940393007	0.004850181
haberman	cGAN-SVM	0.427792632	0.5986095	0.634647759	0.532290647	0.605530071	0.559774122	0.005476462
iris0	cGAN-SVM	1	1	1	1	1	1	0
led7digit-0-2-4-5-6-7-8-9_vs_1	cGAN-SVM	0.906447098	0.866025404	0.987577157	0.702728369	0.739416806	0.840438967	0.011166214
new-thyroid1	cGAN-SVM	1	1	1	1	1	1	0
newthyroid2	cGAN-SVM	1	1	1	1	1	1	0
page-blocks-1-3_vs_4	cGAN-SVM	1	1	0.977269758	1	1	0.995453952	8.27E-05
page-blocks0	cGAN-SVM	0.900314015	0.843002089	0.806099585	0.883837185	0.923189005	0.871288376	0.001748666
pima	cGAN-SVM	0.72290566	0.754124462	0.733459585	0.798819884	0.759841096	0.753830137	0.000686316
poker-8-9_vs_5	cGAN-SVM	0.626254838	0.446121497	0.44666788	0	0.446121497	0.393033142	0.043476168
poker-8-9_vs_6	cGAN-SVM	0.885190174	0.767936213	0.989672701	0.443368179	0.766597178	0.770552889	0.033645506
poker-8_vs_6	cGAN-SVM	0.861565157	0.994849751	0.81229142	0.576360808	0.577350269	0.764483481	0.02703761
poker-9_vs_7	cGAN-SVM	0	0.989304505	0	1	0.989304505	0.595721802	0.236604896
segment0	cGAN-SVM	0.998736576	1	1	0.998736576	1	0.99949463	3.83E-07
shuttle-2_vs_5	cGAN-SVM	1	1	1	1	1	1	0
shuttle-6_vs_2-3	cGAN-SVM	0.707106781	1	1	1	1	0.941421356	0.01372583
shuttle-c0-vs-c4	cGAN-SVM	0.979795897	1	1	1	1	0.995959179	6.53E-05
vehicle0	cGAN-SVM	0.996146421	0.992277877	0.984374039	0.99611649	0.983262836	0.990435532	3.13E-05
vehicle1	cGAN-SVM	0.841625412	0.859439564	0.85880238	0.843186489	0.853991994	0.851409168	5.78E-05
vehicle2	cGAN-SVM	0.984640338	0.976731452	0.996023841	1	1	0.991479126	8.60E-05
vehicle3	cGAN-SVM	0.794943736	0.806492606	0.804351681	0.800730825	0.803902048	0.802084179	1.61E-05
vowel0	cGAN-SVM	1	0.884537963	0.932274532	1	0.577350269	0.878832553	0.024628653
winequality-red-3_vs_5	cGAN-SVM	0	0.707106781	0.704502327	0.699264319	0	0.422174686	0.118827358
winequality-red-4	cGAN-SVM	0.649836433	0.565768632	0.391134468	0.542378795	0.596646508	0.549152967	0.007536922
winequality-red-8_vs_6-7	cGAN-SVM	0.490990253	0.818317088	0.812514394	0.57561908	0.541676263	0.647823416	0.019453707
winequality-red-8_vs_6	cGAN-SVM	0.673145601	0.496078371	0.673145601	0.79367579	0	0.527209073	0.078503596
winequality-white-3-9_vs_5	cGAN-SVM	0.863252848	0.620428486	0.740576538	0.602400695	0.61927793	0.6891873	0.010017336
winequality-white-3_vs_7	cGAN-SVM	0.692902328	0.988571053	0.833428025	0.707106781	0.692902328	0.782982103	0.013359481
wisconsin	cGAN-SVM	0.946608375	0.967036285	0.978347035	1	0.988571053	0.97611255	0.000336738
yeast-0-2-5-6_vs_3-7-8-9	cGAN-SVM	0.911255585	0.886983839	0.614736165	0.506859031	0.698937839	0.723754492	0.024268996
yeast-0-2-5-7-9_vs_3-6-8	cGAN-SVM	0.935488173	0.974679434	0.921954446	0.866025404	0.392944462	0.818218384	0.046427371
yeast-0-3-5-9_vs_7-8	cGAN-SVM	0.589767825	0.658836804	0.683398103	0.849046006	0.703210846	0.696851917	0.007259327
yeast-0-5-6-7-9_vs_4	cGAN-SVM	0.730815236	0.810092587	0.703375321	0.629118013	0.660143525	0.706708936	0.003893819
yeast-1-2-8-9_vs_7	cGAN-SVM	0.559826578	0.695482316	0.681528337	0.40713133	0.805265006	0.629846713	0.018451112
yeast-1-4-5-8_vs_7	cGAN-SVM	0.680004423	0.572992846	0.559717079	0.636634142	0.775248412	0.64491938	0.006143624
yeast-1_vs_7	cGAN-SVM	0.777593186	0.895726287	0.829448308	0.80212895	0.751469149	0.811273176	0.002451429
yeast-2_vs_4	cGAN-SVM	0.848205512	0.928057284	0.938426961	0.87476705	0.994550368	0.916801435	0.002622309
yeast-2_vs_8	cGAN-SVM	0.994609125	0.707106781	0.707106781	0.5	0.707106781	0.723185894	0.024851625
yeast1	cGAN-SVM	0.627319898	0.661401376	0.68207514	0.60709643	0.713445681	0.658267705	0.001439498
yeast3	cGAN-SVM	0.912401063	0.897655348	0.874073036	0.816496581	0.878847062	0.875894618	0.001069282
yeast4	cGAN-SVM	0.596686023	0.702161918	0.762354687	0.440120772	0.547722558	0.609809191	0.012924056
yeast5	cGAN-SVM	0.939529696	0.877311761	0.937885723	0.816496581	0.993031274	0.912851007	0.003662916
yeast6	cGAN-SVM	0.753317785	0.753317785	0.754624495	0.839305366	0.751995204	0.770512127	0.001183819
cleveland-0_vs_4	SMOTEBoost-SVM	0.5685352436149611	0.7913675671030664	0.0	0.6853444168423419	0.673145600891813	0.5436785656904365	0.07887700104717357
ecoli-0-1-4-6_vs_5	SMOTEBoost-SVM	0.8576578123452984	0.8492077756084468	0.9903379376602871	0.0	0.970725343394151	0.7335857738016367	0.13781345093739245
ecoli-0-1-4-7_vs_2-3-5-6	SMOTEBoost-SVM	0.7013811259728677	0.816496580927726	0.897781114170792	0.897781114170792	0.8588975014708023	0.834467487342596	0.005329797866918078
ecoli-0-1-4-7_vs_5-6	SMOTEBoost-SVM	0.8725195256156995	0.8944271909999159	0.6324555320336759	0.8944271909999159	0.5782959705100812	0.7744250820318577	0.019409102737718925
ecoli-0-1_vs_2-3-5	SMOTEBoost-SVM	0.7657438451359804	0.8944271909999159	0.9770084209183945	0.7567874686642695	0.8918825850158447	0.8571699021468809	0.007077940671688296
ecoli-0-1_vs_5	SMOTEBoost-SVM	0.8359806435340691	0.8660254037844387	0.9770084209183945	0.6990252954195317	1.0	0.8756079527312867	0.011719804022815554
ecoli-0-2-3-4_vs_5	SMOTEBoost-SVM	0.8542421961772492	0.8542421961772492	0.97182531580755	0.8539125638299665	0.927960727138337	0.8924365998260704	0.0023932516272186905
ecoli-0-2-6-7_vs_3-5	SMOTEBoost-SVM	0.7650920556760059	0.7745966692414834	1.0	0.6324555320336759	0.9746794344808963	0.8293647382864124	0.019227301618818117
ecoli-0-3-4-6_vs_5	SMOTEBoost-SVM	0.8542421961772492	0.8660254037844387	0.9725975251592747	0.7071067811865476	0.9153348228041135	0.8630613458223249	0.007827816050060372
ecoli-0-3-4-7_vs_5-6	SMOTEBoost-SVM	0.8848608497409383	0.8944271909999159	0.6324555320336759	0.7071067811865476	0.5970944139166224	0.74318895357554	0.01557027179023189
ecoli-0-3-4_vs_5	SMOTEBoost-SVM	0.9860132971832694	0.8660254037844387	0.97182531580755	0.8660254037844387	0.8498365855987975	0.9079452012316989	0.0034132893381076798
ecoli-0-4-6_vs_5	SMOTEBoost-SVM	0.9863939238321437	0.8660254037844387	0.9725975251592747	0.7071067811865476	0.8333333333333334	0.8730913934591475	0.010384091340236613
ecoli-0-6-7_vs_3-5	SMOTEBoost-SVM	0.7648529270389177	0.7745966692414834	1.0	0.7866066361276136	0.8215838362577492	0.8295280137331528	0.007633274431930283
ecoli-0-6-7_vs_5	SMOTEBoost-SVM	0.8551315688243535	0.8660254037844387	1.0	0.6614378277661477	0.9219544457292888	0.8609098492208457	0.012584231514540717
ecoli-0_vs_1	SMOTEBoost-SVM	0.9354143466934853	1.0	0.9492889050691345	1.0	0.9819805060619657	0.9733367515649171	0.0007025959676689326
ecoli1	SMOTEBoost-SVM	0.9354143466934853	0.9354143466934853	0.7016464154456233	0.7595545253127499	0.8003267306650412	0.826471272962077	0.008895963977996465
ecoli2	SMOTEBoost-SVM	0.9450618740450408	0.8722187513687346	0.8944271909999159	0.886546621605825	0.7464200272921789	0.8689348930623391	0.004355204706005018
ecoli3	SMOTEBoost-SVM	0.8381981343406689	0.6324555320336759	0.8864052604279182	0.809173593712687	0.7237468644557459	0.7779958769941391	0.00809478071969867
ecoli4	SMOTEBoost-SVM	0.701560760020114	0.8660254037844387	1.0	0.7071067811865476	0.9258200997725514	0.8401026089527303	0.014093677859387293
glass-0-1-2-3_vs_4-5-6	SMOTEBoost-SVM	0.5844636824844215	0.7745966692414834	0.8668997355606654	0.9519716382329886	0.9842509842514764	0.832436541954207	0.020671993151002162
glass-0-1-4-6_vs_2	SMOTEBoost-SVM	0.8545543621647115	0.47985743496869654	0.5619514869490163	0.5773502691896257	0.8053872662568292	0.6558201639057758	0.02155946690573452
glass-0-1-5_vs_2	SMOTEBoost-SVM	0.8376233659741151	0.6839166144230384	0.7332355751067664	0.5773502691896257	0.5773502691896257	0.6818952187766343	0.009750093405264965
glass-0-1-6_vs_2	SMOTEBoost-SVM	0.8409178658720822	0.0	0.5690426379538915	0.5690426379538915	0.5773502691896257	0.5112706821938982	0.07622133714803353
glass-0-1-6_vs_5	SMOTEBoost-SVM	0.0	0.9710083124552245	0.7071067811865476	0.9856107606091623	0.7367883976130072	0.6801028503727883	0.12888868434338013
glass-0-4_vs_5	SMOTEBoost-SVM	1.0	1.0	1.0	0.9682458365518543	0.5	0.8936491673103708	0.038891165765480816
glass-0-6_vs_5	SMOTEBoost-SVM	1.0	1.0	1.0	0.9746794344808963	1.0	0.9949358868961792	0.00010258096611315544
glass0	SMOTEBoost-SVM	0.8933250005738372	0.7591802683177137	0.8393053660837311	0.682288239221013	0.7423074889580903	0.7832812726308771	0.005541524652298344
glass1	SMOTEBoost-SVM	0.7705517503711221	0.7171371656006362	0.6210590034081188	0.6666666666666667	0.8432740427115678	0.7237377257516224	0.006064815434980648
glass2	SMOTEBoost-SVM	0.0	0.4743416490252569	0.5699002761767402	0.7952852522702986	0.7952852522702986	0.5269624859485189	0.085259256351675
glass4	SMOTEBoost-SVM	0.816496580927726	0.816496580927726	0.816496580927726	0.689202437604511	0.37080992435478316	0.7019004209484945	0.02983579907232627
glass5	SMOTEBoost-SVM	0.0	0.9877295966495896	1.0	1.0	0.7808688094430303	0.753719681218524	0.14897981287555387
glass6	SMOTEBoost-SVM	0.8053872662568292	0.9128709291752769	0.9863939238321437	0.9863939238321437	0.9586025865388216	0.929929725927043	0.004600074206624028
haberman	SMOTEBoost-SVM	0.40904799405193093	0.7312470322826768	0.6708203932499369	0.6614378277661477	0.5400617248673217	0.6025229944436028	0.013207871232073667
iris0	SMOTEBoost-SVM	1.0	1.0	1.0	1.0	1.0	1.0	0.0
led7digit-0-2-4-5-6-7-8-9_vs_1	SMOTEBoost-SVM	0.9064470979949214	0.8388704928078611	1.0	0.5819143739626463	0.7559289460184544	0.8166321821567767	0.020192470109866835
new-thyroid1	SMOTEBoost-SVM	1.0	0.9860132971832694	0.9258200997725514	1.0	1.0	0.9823666793911642	0.0008287230949935584
newthyroid2	SMOTEBoost-SVM	1.0	0.9860132971832694	1.0	0.9860132971832694	0.9258200997725514	0.9795693388278182	0.0007613707458917575
page-blocks-1-3_vs_4	SMOTEBoost-SVM	1.0	1.0	0.9128709291752769	0.9943661523522511	0.9414688716912718	0.96974119064376	0.001294226096980813
page-blocks0	SMOTEBoost-SVM	0.9401312805079135	0.8212366216399324	0.8315463085051187	0.894624378488523	0.8743357692416919	0.8723748716766359	0.0018743817595622135
pima	SMOTEBoost-SVM	0.724568837309472	0.6974822445636029	0.731057073315377	0.7760567962097853	0.7184889804961101	0.7295307863788695	0.0006681301181607512
poker-8-9_vs_5	SMOTEBoost-SVM	0.44447831849231534	0.4439292406811105	0.0	0.0	0.0	0.17768151183468517	0.04735610962043333
poker-8-9_vs_6	SMOTEBoost-SVM	0.447213595499958	0.4456794105478751	0.0	0.0	0.0	0.17857860120956662	0.04783571058729487
poker-8_vs_6	SMOTEBoost-SVM	0.0	0.0	0.0	0.0	0.0	0.0	0.0
poker-9_vs_7	SMOTEBoost-SVM	0.0	0.7071067811865476	0.7071067811865476	0.0	0.9784921095801633	0.4785411343906517	0.16248774439823593
segment0	SMOTEBoost-SVM	0.9911415104439578	1.0	0.9987365756167877	0.9987365756167877	0.9832481988022691	0.9943725720959605	4.078968777023686e-05
shuttle-2_vs_5	SMOTEBoost-SVM	1.0	1.0	1.0	1.0	1.0	1.0	0.0
shuttle-6_vs_2-3	SMOTEBoost-SVM	1.0	1.0	1.0	1.0	1.0	1.0	0.0
shuttle-c0-vs-c4	SMOTEBoost-SVM	1.0	1.0	1.0	1.0	1.0	1.0	0.0
vehicle0	SMOTEBoost-SVM	0.9633674911875131	0.9682458365518543	0.9282391432043491	0.968095709279605	0.970238911822603	0.9596374184091848	0.0002515608677465302
vehicle1	SMOTEBoost-SVM	0.6774027301941282	0.7116835718867666	0.6822649184692051	0.6857727303750843	0.7418393231659729	0.6997926548182314	0.0005828809550922598
vehicle2	SMOTEBoost-SVM	0.9647465629562672	0.9459605012056633	0.9537463156584326	0.940855622465839	0.9803653803912944	0.9571348765354992	0.00019979144029127967
vehicle3	SMOTEBoost-SVM	0.6656893281654742	0.7036671151186965	0.7427944076650637	0.642221491344308	0.6873217490352688	0.6883388182657623	0.0011682419150479877
vowel0	SMOTEBoost-SVM	0.816496580927726	0.9609665915750957	0.7888106377466154	0.816496580927726	0.8819171036881969	0.8529374989730721	0.003855647536918791
winequality-red-3_vs_5	SMOTEBoost-SVM	0.0	0.0	0.0	0.0	0.0	0.0	0.0
winequality-red-4	SMOTEBoost-SVM	0.4166617790524674	0.511129445245526	0.4029897096577362	0.43548135774678554	0.5306160552209596	0.4593756693846949	0.00266568738004926
winequality-red-8_vs_6-7	SMOTEBoost-SVM	0.0	0.0	0.49397568366054645	0.5544233306246393	0.0	0.20967980285703716	0.06631382139159851
winequality-red-8_vs_6	SMOTEBoost-SVM	0.0	0.0	0.49607837082461076	0.5612135332663137	0.0	0.2114583808181849	0.06749622916600347
winequality-white-3-9_vs_5	SMOTEBoost-SVM	0.6259239745510697	0.4347885645810053	0.0	0.44102348941191155	0.4464445259790205	0.3896361109046015	0.04311097123871914
winequality-white-3_vs_7	SMOTEBoost-SVM	0.6825753371673275	0.48265364958171136	0.8635615996346968	0.49857752201091604	0.7050950935222078	0.6464926403833718	0.020115447748317986
wisconsin	SMOTEBoost-SVM	0.8860656632273716	0.9727081004541591	0.9462373743090715	0.978347035232547	0.955995030862024	0.9478706408170346	0.0010868477091487139
yeast-0-2-5-6_vs_3-7-8-9	SMOTEBoost-SVM	0.8908683454022703	0.9013495100273363	0.5783860187974217	0.5446880601527154	0.6081734651003975	0.7046930798960284	0.02484121941300636
yeast-0-2-5-7-9_vs_3-6-8	SMOTEBoost-SVM	0.9194040827641103	0.9638493268462028	0.9381420453415191	0.8588184096614842	0.30694206967737536	0.7974311868581383	0.0613439791088356
yeast-0-3-5-9_vs_7-8	SMOTEBoost-SVM	0.4247761558853035	0.6376467725891872	0.6040158647214201	0.7032108464077431	0.5855400437691199	0.5910379366745548	0.008519355691465889
yeast-0-5-6-7-9_vs_4	SMOTEBoost-SVM	0.8348471099367218	0.6191391873668903	0.8188567126118426	0.44248104330492005	0.6537342128515469	0.6738116532143843	0.02077530415836749
yeast-1-2-8-9_vs_7	SMOTEBoost-SVM	0.40266323542064314	0.4037864265436241	0.5710055681289317	0.404888165089458	0.6693933310797091	0.49034734525247325	0.012209556239458063
yeast-1-4-5-8_vs_7	SMOTEBoost-SVM	0.0	0.3910015415746906	0.4051671272481348	0.5149286505444371	0.39727607885233013	0.34167467964391857	0.03126289418944337
yeast-1_vs_7	SMOTEBoost-SVM	0.40106447508884974	0.4034732923929645	0.5498414147691576	0.6904666436885359	0.5601120336112039	0.5209915719101423	0.011855515696729399
yeast-2_vs_4	SMOTEBoost-SVM	0.84358310412664	0.8749807985604383	0.9384269610845175	0.7661308776828737	0.8747670497362986	0.8595777582381536	0.0031346626925104607
yeast-2_vs_8	SMOTEBoost-SVM	0.9782582722940951	0.7032948570222723	0.7032533095487744	0.6954823162194083	0.7071067811865476	0.7574791072542195	0.012200156631555334
yeast1	SMOTEBoost-SVM	0.7199278041617188	0.7296223180469293	0.7028464743726613	0.6339611630927644	0.7898505891396195	0.7152416697627386	0.0025110830769101452
yeast3	SMOTEBoost-SVM	0.9249727639585827	0.9035182736894287	0.8907235428302466	0.8494650723195799	0.8962516641293032	0.8929862633854283	0.0006087872556158008
yeast4	SMOTEBoost-SVM	0.8378139495898455	0.5361496488789593	0.6996763811416862	0.4361304738375779	0.7595545253127499	0.6538649957521637	0.021674280446175004
yeast5	SMOTEBoost-SVM	0.9947780321927768	0.8122328620674136	0.9345891022922623	0.6655082528172744	0.8569568250501305	0.8528130148839717	0.012717677693893634
yeast6	SMOTEBoost-SVM	0.8348918103415373	0.651258728182957	0.748068119445047	0.8304547985373997	0.6466767397502854	0.7422700392514453	0.006762019927208427
cleveland-0_vs_4	cGANBoost	0.0	0.0	0.0	0.0	0.0	0.0	0.0
ecoli-0-1-4-6_vs_5	cGANBoost	0.0	0.0	0.0	0.0	0.0	0.0	0.0
ecoli-0-1-4-7_vs_2-3-5-6	cGANBoost	0.0	0.0	0.0	0.408248290463863	0.447213595499958	0.1710923771927642	0.04406073179986224
ecoli-0-1-4-7_vs_5-6	cGANBoost	0.0	0.0	0.0	0.0	0.0	0.0	0.0
ecoli-0-1_vs_2-3-5	cGANBoost	0.447213595499958	0.447213595499958	0.6324555320336759	0.0	0.0	0.30537654460671837	0.06674516600406097
ecoli-0-1_vs_5	cGANBoost	0.7071067811865476	0.7071067811865476	0.5	0.0	0.0	0.38284271247461904	0.10343145750507621
ecoli-0-2-3-4_vs_5	cGANBoost	0.0	0.7071067811865476	0.0	0.0	0.0	0.1414213562373095	0.08000000000000002
ecoli-0-2-6-7_vs_3-5	cGANBoost	0.0	0.447213595499958	0.0	0.6614378277661477	0.0	0.22173028465322114	0.07833568086760155
ecoli-0-3-4-6_vs_5	cGANBoost	0.0	0.0	0.0	0.0	0.0	0.0	0.0
ecoli-0-3-4-7_vs_5-6	cGANBoost	0.0	0.0	0.0	0.4423258684646914	0.0	0.08846517369293828	0.03130434782608696
ecoli-0-3-4_vs_5	cGANBoost	0.0	0.7071067811865476	0.0	0.0	0.0	0.1414213562373095	0.08000000000000002
ecoli-0-4-6_vs_5	cGANBoost	0.0	0.5	0.0	0.0	0.7772815877574013	0.25545631755148024	0.10557540315637062
ecoli-0-6-7_vs_3-5	cGANBoost	0.0	0.0	0.0	0.4677071733467427	0.0	0.09354143466934854	0.035
ecoli-0-6-7_vs_5	cGANBoost	0.0	0.0	0.0	0.0	0.0	0.0	0.0
ecoli-0_vs_1	cGANBoost	0.9191450300180579	0.982607368881035	0.9492889050691345	1.0	0.8783100656536799	0.9458702739243815	0.0019139897666425217
ecoli1	cGANBoost	0.6123724356957946	0.25	0.6563301233138936	0.6201736729460423	0.5423261445466404	0.5362404753004741	0.021846605138209338
ecoli2	cGANBoost	0.0	0.2988548051769495	0.0	0.0	0.0	0.059770961035389904	0.014290271132376395
ecoli3	cGANBoost	0.0	0.0	0.0	0.816496580927726	0.7302967433402214	0.3093586648535895	0.14429721648000446
ecoli4	cGANBoost	0.7071067811865476	0.7071067811865476	0.8660254037844387	0.5	0.4960158727618966	0.6552509677838861	0.01985251842462992
glass-0-1-2-3_vs_4-5-6	cGANBoost	0.30151134457776363	0.0	0.5477225575051661	1.0	0.8803408430829505	0.5459149490331761	0.135158686603923
glass-0-1-4-6_vs_2	cGANBoost	0.0	0.0	0.0	0.0	0.0	0.0	0.0
glass-0-1-5_vs_2	cGANBoost	0.0	0.0	0.0	0.0	0.0	0.0	0.0
glass-0-1-6_vs_2	cGANBoost	0.0	0.0	0.0	0.0	0.0	0.0	0.0
glass-0-1-6_vs_5	cGANBoost	0.0	0.0	0.0	0.0	0.7559289460184544	0.15118578920369088	0.09142857142857141
glass-0-4_vs_5	cGANBoost	0.7071067811865476	0.0	0.0	0.0	0.5	0.24142135623730948	0.09171572875253811
glass-0-6_vs_5	cGANBoost	1.0	0.0	0.0	0.7071067811865476	0.4588314677411235	0.4331876497855342	0.15445372323118012
glass0	cGANBoost	0.561489925074877	0.24313226954193232	0.38442587221924474	0.3779644730092272	0.0	0.3134025079690563	0.03478379410707998
glass1	cGANBoost	0.236227795630767	0.0	0.0	0.0	0.07027283689263064	0.06130012650467953	0.008390663097212226
glass2	cGANBoost	0.0	0.0	0.0	0.0	0.0	0.0	0.0
glass4	cGANBoost	0.0	0.0	0.0	0.0	0.0	0.0	0.0
glass5	cGANBoost	0.0	0.0	0.0	0.0	0.9239364353597956	0.18478728707195913	0.13658536585365852
glass6	cGANBoost	0.0	0.0	0.0	0.0	0.43495883620084	0.08699176724016801	0.030270270270270273
haberman	cGANBoost	0.23708469019908768	0.0	0.0	0.0	0.2472066162365221	0.09685826128712197	0.01408252950801731
iris0	cGANBoost	1.0	1.0	1.0	1.0	1.0	1.0	0.0
led7digit-0-2-4-5-6-7-8-9_vs_1	cGANBoost	0.0	0.0	0.0	0.0	0.0	0.0	0.0
new-thyroid1	cGANBoost	0.97182531580755	0.9128709291752768	0.9258200997725514	0.8451542547285166	0.9258200997725514	0.9162981398512893	0.0016675601749083686
newthyroid2	cGANBoost	0.9258200997725514	1.0	0.9860132971832694	0.9128709291752768	0.7559289460184544	0.9161266544299105	0.0075373498684563195
page-blocks-1-3_vs_4	cGANBoost	0.0	0.0	0.408248290463863	0.0	0.0	0.08164965809277261	0.026666666666666672
page-blocks0	cGANBoost	0.09444304339890122	0.0	0.5345224838248488	0.29835037680183113	0.35514240260228874	0.256491661325574	0.03616659719537771
pima	cGANBoost	0.44221663871405326	0.5018484351393874	0.3299831645537221	0.4016475503684557	0.30406056993414854	0.3959512717419534	0.005236566646321106
poker-8-9_vs_5	cGANBoost	0.0	0.0	0.0	0.0	0.0	0.0	0.0
poker-8-9_vs_6	cGANBoost	0.0	0.0	0.0	0.0	0.0	0.0	0.0
poker-8_vs_6	cGANBoost	0.0	0.0	0.0	0.0	0.0	0.0	0.0
poker-9_vs_7	cGANBoost	0.0	0.0	0.0	0.0	0.0	0.0	0.0
segment0	cGANBoost	0.5773502691896257	0.3892494720807615	0.408248290463863	0.6139013020779402	0.5817744738827396	0.514104761538986	0.009066593896878401
shuttle-2_vs_5	cGANBoost	0.7745966692414834	1.0	0.8366600265340756	1.0	0.9992340098454681	0.9220981411242054	0.009428739421655579
shuttle-6_vs_2-3	cGANBoost	0.7071067811865476	1.0	1.0	1.0	1.0	0.9414213562373096	0.013725830020304789
shuttle-c0-vs-c4	cGANBoost	0.9797958971132712	1.0	1.0	1.0	1.0	0.9959591794226542	6.531292375320372e-05
vehicle0	cGANBoost	0.6392603899459486	0.6101702158477521	0.4802292734088164	0.667489801913793	0.47851888364366335	0.5751337129519947	0.006442142458610742
vehicle1	cGANBoost	0.15075567228888181	0.0	0.0	0.0	0.15249857033260467	0.06065084852429729	0.005518091909434965
vehicle2	cGANBoost	0.26111648393354675	0.15075567228888181	0.337099931231621	0.34099716973523675	0.0	0.21799385143785727	0.016643585597868694
vehicle3	cGANBoost	0.0	0.0	0.0	0.3674004996037857	0.0	0.07348009992075713	0.021597300337457808
vowel0	cGANBoost	0.0	0.0	0.3333333333333333	0.408248290463863	0.0	0.1483163247594393	0.03355782336540809
winequality-red-3_vs_5	cGANBoost	0.0	0.0	0.0	0.0	0.0	0.0	0.0
winequality-red-4	cGANBoost	0.0	0.0	0.0	0.0	0.0	0.0	0.0
winequality-red-8_vs_6-7	cGANBoost	0.0	0.0	0.0	0.5651205866406831	0.0	0.11302411732813662	0.05109780439121757
winequality-red-8_vs_6	cGANBoost	0.0	0.0	0.48814060474416593	0.0	0.0	0.09762812094883319	0.038125000000000006
winequality-white-3-9_vs_5	cGANBoost	0.0	0.0	0.0	0.0	0.0	0.0	0.0
winequality-white-3_vs_7	cGANBoost	0.0	0.0	0.0	0.0	0.0	0.0	0.0
wisconsin	cGANBoost	0.7861154674027777	0.9573048544061933	0.9411523735624175	0.9789450103725609	0.9510505237084068	0.9229136458904712	0.004832069149376071
yeast-0-2-5-6_vs_3-7-8-9	cGANBoost	0.0	0.0	0.0	0.447213595499958	0.0	0.0894427190999916	0.03200000000000001
yeast-0-2-5-7-9_vs_3-6-8	cGANBoost	0.0	0.0	0.8539799575843693	0.6708203932499369	0.0	0.3049600701668612	0.1428557091949833
yeast-0-3-5-9_vs_7-8	cGANBoost	0.43986163832455905	0.0	0.0	0.0	0.0	0.08797232766491181	0.03095652173913043
yeast-0-5-6-7-9_vs_4	cGANBoost	0.5935256753272998	0.0	0.447213595499958	0.316227766016838	0.31119464208619974	0.3336323357860591	0.03851243102511537
yeast-1-2-8-9_vs_7	cGANBoost	0.5694518086009039	0.0	0.0	0.0	0.0	0.11389036172018079	0.05188405797101449
yeast-1-4-5-8_vs_7	cGANBoost	0.5751756841776023	0.0	0.0	0.0	0.0	0.11503513683552047	0.05293233082706768
yeast-1_vs_7	cGANBoost	0.0	0.0	0.0	0.5739837666180858	0.0	0.11479675332361716	0.05271317829457363
yeast-2_vs_4	cGANBoost	0.0	0.447213595499958	0.447213595499958	0.0	0.6324555320336759	0.30537654460671837	0.06674516600406097
yeast-2_vs_8	cGANBoost	0.861356769214109	0.0	0.0	0.0	0.0	0.1722713538428218	0.11870967741935486
yeast1	cGANBoost	0.0	0.15249857033260467	0.0	0.2136115420220629	0.0	0.07322202247093351	0.00841567639297249
yeast3	cGANBoost	0.4264014327112209	0.5995866344669509	0.4255930880360042	0.24905122997390547	0.30618621784789724	0.4013637206071957	0.014552824937373718
yeast4	cGANBoost	0.0	0.6235785228950945	0.0	0.0	0.0	0.1247157045790189	0.06221602787456446
yeast5	cGANBoost	0.3333333333333333	0.3327541264086372	0.7401618108041238	0.3333333333333333	0.4982608642958916	0.44756869363506385	0.025492449662987554
yeast6	cGANBoost	0.0	0.0	0.0	0.0	0.0	0.0	0.0
